q[nm-1]	merged(TipAS_1.96mgml-1_30deg_sub_ave_cm-1_divconc_nm-1.dat_00001_[493]TipAS_NaP_30deg_1-2_ave_sub_cm-1_divconc.dat_00001_[TipAS_NaP_30deg_1-2_ave_sub.dat],scale_high,lq=0.9025,hq=0.9995)	error
1.14692100e-01	1.53735000e-02	2.33286500e-03
1.27435600e-01	2.12269700e-02	1.69343200e-03
1.40179000e-01	1.87464100e-02	1.58178500e-03
1.52922400e-01	1.46544200e-02	1.35215700e-03
1.65665800e-01	1.66742400e-02	1.22425700e-03
1.78409200e-01	1.56789600e-02	1.21146900e-03
1.91152500e-01	1.74889600e-02	1.05012100e-03
2.03895700e-01	1.52342400e-02	1.05777500e-03
2.16639000e-01	1.80431500e-02	9.35829600e-04
2.29382100e-01	1.72139700e-02	9.16306600e-04
2.42125300e-01	1.46700400e-02	8.41092900e-04
2.54868300e-01	1.50962400e-02	7.82744400e-04
2.67611300e-01	1.61169000e-02	7.53066300e-04
2.80354300e-01	1.47033600e-02	6.84891300e-04
2.93097200e-01	1.41518000e-02	6.72482100e-04
3.05840000e-01	1.45004800e-02	6.17699000e-04
3.18582800e-01	1.41745200e-02	5.94381100e-04
3.31325500e-01	1.35776400e-02	5.64341800e-04
3.44068100e-01	1.27553500e-02	5.24435700e-04
3.56810600e-01	1.33557700e-02	5.28925500e-04
3.69553100e-01	1.40997200e-02	5.02071800e-04
3.82295500e-01	1.28112400e-02	4.87482800e-04
3.95037800e-01	1.14380700e-02	4.66151400e-04
4.07780000e-01	1.27729400e-02	4.54611900e-04
4.20522100e-01	1.19930200e-02	4.53726000e-04
4.33264100e-01	1.15927200e-02	4.23289000e-04
4.46006100e-01	1.16045100e-02	4.39951600e-04
4.58747900e-01	1.04521100e-02	4.10195300e-04
4.71489600e-01	1.07525500e-02	4.07954700e-04
4.84231300e-01	1.03195300e-02	4.07716700e-04
4.96972800e-01	9.66937800e-03	3.85328300e-04
5.09714200e-01	1.04958800e-02	3.94304200e-04
5.22455500e-01	9.17703600e-03	3.67764400e-04
5.35196700e-01	1.02618900e-02	3.78617100e-04
5.47937800e-01	9.76125500e-03	3.66891500e-04
5.60678700e-01	9.26804600e-03	3.54654600e-04
5.73419600e-01	8.63703100e-03	3.52530200e-04
5.86160300e-01	8.77701500e-03	3.43232000e-04
5.98900800e-01	8.28207700e-03	3.40813600e-04
6.11641300e-01	7.81338800e-03	3.37430800e-04
6.24381600e-01	8.11647400e-03	3.21123600e-04
6.37121700e-01	7.84981100e-03	3.33243500e-04
6.49861800e-01	8.38910200e-03	3.15887400e-04
6.62601700e-01	6.21116300e-03	3.12624400e-04
6.75341400e-01	7.56674000e-03	3.08600800e-04
6.88081000e-01	7.04616300e-03	3.08297900e-04
7.00820400e-01	6.83338300e-03	3.05135000e-04
7.13559700e-01	6.63856600e-03	2.90432300e-04
7.26298800e-01	7.16549000e-03	2.98546100e-04
7.39037800e-01	6.35050000e-03	2.86788800e-04
7.51776600e-01	6.88742900e-03	2.91380500e-04
7.64515300e-01	6.35718900e-03	2.84705500e-04
7.77253700e-01	6.46111700e-03	2.77742700e-04
7.89992000e-01	5.85219900e-03	2.73793900e-04
8.02730200e-01	5.57213800e-03	2.66938800e-04
8.15468100e-01	5.33066800e-03	2.70098000e-04
8.28205900e-01	5.82996900e-03	2.65904300e-04
8.40943500e-01	5.84672400e-03	2.62760600e-04
8.53680900e-01	5.00406100e-03	2.62252900e-04
8.66418100e-01	4.44572200e-03	2.50206800e-04
8.79155100e-01	5.15874500e-03	2.56014200e-04
8.91892000e-01	4.89807200e-03	2.47684300e-04
9.17365000e-01	4.77971661e-03	2.50365446e-04
9.30101300e-01	4.42534372e-03	2.43963626e-04
9.42837300e-01	4.25907522e-03	2.39859885e-04
9.55573100e-01	4.21043876e-03	2.39111218e-04
9.68308700e-01	4.21979803e-03	2.39631997e-04
9.81044100e-01	3.74229561e-03	2.32172980e-04
9.93779300e-01	4.09344635e-03	2.32781146e-04
1.00803900e+00	3.73988990e-03	3.13556733e-05
1.01320100e+00	3.74681163e-03	3.14144305e-05
1.01836200e+00	3.68740979e-03	3.15680444e-05
1.02352400e+00	3.67233266e-03	3.17507257e-05
1.02868600e+00	3.64591842e-03	3.13612843e-05
1.03384800e+00	3.58805308e-03	3.14601821e-05
1.03900900e+00	3.49620986e-03	3.13837374e-05
1.04417100e+00	3.44154853e-03	3.11506783e-05
1.04933300e+00	3.44680834e-03	3.12115256e-05
1.05449500e+00	3.44344734e-03	3.13916987e-05
1.05965600e+00	3.33375681e-03	3.11422525e-05
1.06481800e+00	3.36524042e-03	3.11918779e-05
1.06998000e+00	3.34735131e-03	3.13693199e-05
1.07514200e+00	3.26902734e-03	3.09152595e-05
1.08030300e+00	3.19835991e-03	3.10711123e-05
1.08546500e+00	3.10875271e-03	3.11925932e-05
1.09062700e+00	3.15676264e-03	3.08481602e-05
1.09578900e+00	3.09963583e-03	3.09611690e-05
1.10095000e+00	3.08095059e-03	3.11122469e-05
1.10611200e+00	3.08866473e-03	3.07060098e-05
1.11127400e+00	2.95026820e-03	3.12284885e-05
1.11643600e+00	2.94589556e-03	3.16216365e-05
1.12159800e+00	2.87310730e-03	3.16992424e-05
1.12675900e+00	2.92220040e-03	3.19543924e-05
1.13192100e+00	2.85476485e-03	3.22041172e-05
1.13708300e+00	2.84997417e-03	3.20891854e-05
1.14224500e+00	2.88611469e-03	3.20139763e-05
1.14740600e+00	2.77232184e-03	3.22335283e-05
1.15256800e+00	2.74349508e-03	3.21914740e-05
1.15773000e+00	2.69282738e-03	3.22159801e-05
1.16289200e+00	2.67144442e-03	3.20737460e-05
1.16805300e+00	2.65283071e-03	3.20036555e-05
1.17321500e+00	2.59917731e-03	3.21239753e-05
1.17837700e+00	2.64010666e-03	3.15556892e-05
1.18353900e+00	2.55157427e-03	3.10842386e-05
1.18870000e+00	2.58109590e-03	3.15472449e-05
1.19386200e+00	2.45883181e-03	3.14499356e-05
1.19902400e+00	2.46002275e-03	3.11036075e-05
1.20418600e+00	2.39324490e-03	3.16355246e-05
1.20934700e+00	2.42701470e-03	3.14207475e-05
1.21450900e+00	2.43520354e-03	3.12382148e-05
1.21967100e+00	2.37414813e-03	3.14089031e-05
1.22483300e+00	2.27861877e-03	3.12690936e-05
1.22999500e+00	2.28968091e-03	3.09733571e-05
1.23515600e+00	2.22638483e-03	3.14597362e-05
1.24031800e+00	2.30759510e-03	3.12516198e-05
1.24548000e+00	2.23444826e-03	3.11237011e-05
1.25064200e+00	2.18086082e-03	3.11879670e-05
1.25580300e+00	2.24005829e-03	3.11320060e-05
1.26096500e+00	2.16797048e-03	3.09897719e-05
1.26612700e+00	2.10621091e-03	3.12261382e-05
1.27128900e+00	2.14213870e-03	3.09765156e-05
1.27645000e+00	2.05609316e-03	3.07895703e-05
1.28161200e+00	2.04537660e-03	3.09927353e-05
1.28677400e+00	2.10595266e-03	3.08836932e-05
1.29193600e+00	1.97495813e-03	3.14381377e-05
1.29709700e+00	2.03314768e-03	3.17378874e-05
1.30225900e+00	1.97766514e-03	3.16386366e-05
1.30742100e+00	1.92785116e-03	3.19323294e-05
1.31258300e+00	1.82050999e-03	3.21220987e-05
1.31774400e+00	1.91497754e-03	3.20746657e-05
1.32290600e+00	1.89416497e-03	3.22787411e-05
1.32806800e+00	1.88618050e-03	3.27467917e-05
1.33323000e+00	1.86445104e-03	3.24065762e-05
1.33839100e+00	1.74370209e-03	3.28384343e-05
1.34355300e+00	1.84130584e-03	3.28300457e-05
1.34871500e+00	1.77211640e-03	3.27162751e-05
1.35387700e+00	1.74885507e-03	3.28116521e-05
1.35903800e+00	1.71953317e-03	3.23475590e-05
1.36420000e+00	1.75763102e-03	3.20900494e-05
1.36936200e+00	1.70543052e-03	3.16228627e-05
1.37452400e+00	1.65352915e-03	3.18592197e-05
1.37968600e+00	1.69855803e-03	3.17641121e-05
1.38484700e+00	1.62248308e-03	3.14422345e-05
1.39000900e+00	1.61927629e-03	3.16081944e-05
1.39517100e+00	1.61795158e-03	3.11740603e-05
1.40033300e+00	1.60900564e-03	3.12943987e-05
1.40549400e+00	1.58064521e-03	3.12183256e-05
1.41065600e+00	1.58432763e-03	3.11009414e-05
1.41581800e+00	1.54531289e-03	3.08883195e-05
1.42098000e+00	1.61065827e-03	3.12374623e-05
1.42614100e+00	1.50669575e-03	3.09447263e-05
1.43130300e+00	1.52365961e-03	3.08234404e-05
1.43646500e+00	1.49398284e-03	3.09052638e-05
1.44162700e+00	1.40792986e-03	3.06846807e-05
1.44678800e+00	1.48534902e-03	3.06209164e-05
1.45195000e+00	1.47527345e-03	3.08166683e-05
1.45711200e+00	1.44516842e-03	3.04424247e-05
1.46227400e+00	1.42934626e-03	3.03924185e-05
1.46743500e+00	1.42977080e-03	3.05107967e-05
1.47259700e+00	1.36882780e-03	3.05676402e-05
1.47775900e+00	1.33797774e-03	3.01843857e-05
1.48292100e+00	1.28695982e-03	3.03483669e-05
1.48808300e+00	1.33971398e-03	3.01910928e-05
1.49324400e+00	1.31093831e-03	3.01312581e-05
1.49840600e+00	1.25293548e-03	3.03205908e-05
1.50356800e+00	1.25412735e-03	3.00219744e-05
1.50873000e+00	1.25248215e-03	2.99534445e-05
1.51389100e+00	1.26821327e-03	3.01726342e-05
1.51905300e+00	1.24180275e-03	3.01132826e-05
1.52421500e+00	1.23965312e-03	3.00252908e-05
1.52937700e+00	1.18986886e-03	2.99952480e-05
1.53453800e+00	1.17821498e-03	2.99655676e-05
1.53970000e+00	1.14565283e-03	2.97435352e-05
1.54486200e+00	1.18900678e-03	2.99744020e-05
1.55002400e+00	1.14271173e-03	2.97779256e-05
1.55518500e+00	1.14434113e-03	2.96767518e-05
1.56034700e+00	1.12656907e-03	2.99261794e-05
1.56550900e+00	1.11708897e-03	2.97927054e-05
1.57067100e+00	1.09902428e-03	2.94681616e-05
1.57583200e+00	1.08603825e-03	2.96879644e-05
1.58099400e+00	1.04974445e-03	2.96340751e-05
1.58615600e+00	1.03993642e-03	2.94742742e-05
1.59131800e+00	1.02499121e-03	2.95653873e-05
1.59648000e+00	1.03738269e-03	2.94450954e-05
1.60164100e+00	1.05581711e-03	2.93443582e-05
1.60680300e+00	1.02702843e-03	2.95002946e-05
1.61196500e+00	9.89993316e-04	2.93420451e-05
1.61712700e+00	9.87355979e-04	2.92567381e-05
1.62228800e+00	9.78884732e-04	2.93376046e-05
1.62745000e+00	9.41506828e-04	2.93028892e-05
1.63261200e+00	9.42824102e-04	2.90796863e-05
1.63777400e+00	9.45906414e-04	2.93263456e-05
1.64293500e+00	8.75558088e-04	2.91038302e-05
1.64809700e+00	9.00119224e-04	2.90724404e-05
1.65325900e+00	9.12793489e-04	2.91823464e-05
1.65842100e+00	9.58097244e-04	2.92079766e-05
1.66358200e+00	9.24306080e-04	2.89228953e-05
1.66874400e+00	8.59726451e-04	2.90948656e-05
1.67390600e+00	8.68889965e-04	2.90003340e-05
1.67906800e+00	8.79714470e-04	2.87674978e-05
1.68422900e+00	8.45778109e-04	2.89892050e-05
1.68939100e+00	8.25381623e-04	2.88706874e-05
1.69455300e+00	8.10025711e-04	2.87611622e-05
1.69971500e+00	8.44224412e-04	2.91455036e-05
1.70487600e+00	8.02503124e-04	2.86194669e-05
1.71003800e+00	7.85896915e-04	2.86754743e-05
1.71520000e+00	8.53787474e-04	2.87680273e-05
1.72036200e+00	8.18580008e-04	2.86683956e-05
1.72552300e+00	7.26911988e-04	2.85064953e-05
1.73068500e+00	7.54921914e-04	2.86721765e-05
1.73584700e+00	8.00112893e-04	2.85916537e-05
1.74100900e+00	7.91545126e-04	2.84216249e-05
1.74617100e+00	7.41302147e-04	2.88072018e-05
1.75133200e+00	7.20139635e-04	2.84487043e-05
1.75649400e+00	6.96232306e-04	2.82658279e-05
1.76165600e+00	7.03979330e-04	2.84329397e-05
1.76681800e+00	7.08485841e-04	2.82419163e-05
1.77197900e+00	7.09460513e-04	2.82229932e-05
1.77714100e+00	6.80438478e-04	2.83019740e-05
1.78230300e+00	7.51340283e-04	2.82160167e-05
1.78746500e+00	6.51803823e-04	2.79810903e-05
1.79262600e+00	6.54898489e-04	2.82588699e-05
1.79778800e+00	7.31397690e-04	2.79489945e-05
1.80295000e+00	7.07265457e-04	2.77481333e-05
1.80811200e+00	6.83937152e-04	2.80433218e-05
1.81327300e+00	6.10669920e-04	2.78771203e-05
1.81843500e+00	6.92288006e-04	2.77916647e-05
1.82359700e+00	6.33298527e-04	2.79735471e-05
1.82875900e+00	6.16046965e-04	2.78403704e-05
1.83392000e+00	6.10549154e-04	2.77746646e-05
1.83908200e+00	6.45631210e-04	2.78968423e-05
1.84424400e+00	6.16617536e-04	2.77541995e-05
1.84940600e+00	5.92756005e-04	2.75185949e-05
1.85456800e+00	6.04043322e-04	2.78561350e-05
1.85972900e+00	5.64821140e-04	2.77599033e-05
1.86489100e+00	6.34735453e-04	2.75361710e-05
1.87005300e+00	6.34785431e-04	2.78330316e-05
1.87521500e+00	5.34399710e-04	2.76086490e-05
1.88037600e+00	5.35253430e-04	2.75444388e-05
1.88553800e+00	5.48369232e-04	2.77326846e-05
1.89070000e+00	5.73659329e-04	2.75271414e-05
1.89586200e+00	5.31359202e-04	2.73974577e-05
1.90102300e+00	5.52484276e-04	2.75975107e-05
1.90618500e+00	5.36253091e-04	2.75303371e-05
1.91134700e+00	5.34108107e-04	2.73301355e-05
1.91650900e+00	5.65724932e-04	2.75955598e-05
1.92167000e+00	5.16090148e-04	2.73329595e-05
1.92683200e+00	5.31734040e-04	2.74840745e-05
1.93199400e+00	5.15132197e-04	2.74999784e-05
1.93715600e+00	4.69146023e-04	2.72631941e-05
1.94231700e+00	5.26240409e-04	2.72520558e-05
1.94747900e+00	5.51188925e-04	2.74617608e-05
1.95264100e+00	4.95431507e-04	2.73410137e-05
1.95780300e+00	5.05244461e-04	2.72112463e-05
1.96296400e+00	5.04586381e-04	2.73732024e-05
1.96812600e+00	4.76463958e-04	2.72486279e-05
1.97328800e+00	4.96339479e-04	2.71908648e-05
1.97845000e+00	4.93461540e-04	2.73278130e-05
1.98361100e+00	4.76622254e-04	2.71760849e-05
1.98877300e+00	4.83711199e-04	2.70460389e-05
1.99393500e+00	4.54814110e-04	2.71955189e-05
1.99909700e+00	4.68733654e-04	2.70719849e-05
2.00425900e+00	4.84623258e-04	2.70235950e-05
2.00942000e+00	4.73377652e-04	2.72379820e-05
2.01458200e+00	4.47291988e-04	2.71509564e-05
2.01974400e+00	4.47604400e-04	2.70410410e-05
2.02490600e+00	4.60449408e-04	2.70941222e-05
2.03006700e+00	4.59124887e-04	2.70410317e-05
2.03522900e+00	4.24226023e-04	2.68448247e-05
2.04039100e+00	4.34976026e-04	2.70761002e-05
2.04555300e+00	4.37858238e-04	2.69067682e-05
2.05071400e+00	4.26949940e-04	2.68590193e-05
2.05587600e+00	3.64965844e-04	2.70277661e-05
2.06103800e+00	4.37079393e-04	2.68808221e-05
2.06620000e+00	4.27949601e-04	2.69510149e-05
2.07136200e+00	3.90047759e-04	2.69263601e-05
2.07652300e+00	3.88635730e-04	2.67835036e-05
2.08168500e+00	4.31768954e-04	2.67401673e-05
2.08684700e+00	4.49170452e-04	2.68792243e-05
2.09200800e+00	4.00589395e-04	2.68098584e-05
2.09717000e+00	3.58697455e-04	2.67286388e-05
2.10233200e+00	3.79164450e-04	2.68436077e-05
2.10749400e+00	3.57156392e-04	2.67762576e-05
2.11265500e+00	3.54599040e-04	2.73808013e-05
2.11781700e+00	3.76723775e-04	2.76884286e-05
2.12297900e+00	3.37339117e-04	2.76704160e-05
2.12814100e+00	3.46406390e-04	2.79614055e-05
2.13330200e+00	3.29883695e-04	2.82291337e-05
2.13846400e+00	3.85816037e-04	2.82283719e-05
2.14362600e+00	3.61183927e-04	2.85495993e-05
2.14878800e+00	3.88406739e-04	2.86666863e-05
2.15394900e+00	3.54707264e-04	2.86582327e-05
2.15911100e+00	3.60346836e-04	2.88275926e-05
2.16427300e+00	3.34361036e-04	2.89620234e-05
2.16943500e+00	3.76573840e-04	2.89111532e-05
2.17459700e+00	2.93864404e-04	2.87804383e-05
2.17975800e+00	3.81730163e-04	2.84721421e-05
2.18492000e+00	3.34252811e-04	2.80576836e-05
2.19008200e+00	3.25314665e-04	2.78690662e-05
2.19524400e+00	3.46427198e-04	2.80122014e-05
2.20040500e+00	3.23773602e-04	2.78500317e-05
2.20556700e+00	2.98974929e-04	2.75497060e-05
2.21072900e+00	3.72125576e-04	2.76309535e-05
2.21589100e+00	3.44761282e-04	2.74574411e-05
2.22105200e+00	3.09170896e-04	2.71783609e-05
2.22621400e+00	3.07167579e-04	2.74175234e-05
2.23137600e+00	3.28084472e-04	2.72059512e-05
2.23653800e+00	2.90719759e-04	2.72744439e-05
2.24169900e+00	2.76400388e-04	2.73265125e-05
2.24686100e+00	2.92785688e-04	2.71784445e-05
2.25202300e+00	3.38888541e-04	2.69405826e-05
2.25718500e+00	3.13094387e-04	2.72141354e-05
2.26234700e+00	3.14381470e-04	2.69252267e-05
2.26750800e+00	2.78149725e-04	2.68952025e-05
2.27267000e+00	2.83768394e-04	2.70678231e-05
2.27783200e+00	3.34011280e-04	2.69357241e-05
2.28299400e+00	3.17675958e-04	2.69442706e-05
2.28815500e+00	2.84409753e-04	2.71559914e-05
2.29331700e+00	2.56549762e-04	2.68049163e-05
2.29847900e+00	2.78712028e-04	2.68352192e-05
2.30364100e+00	2.70736013e-04	2.69518695e-05
2.30880200e+00	2.97908661e-04	2.67454067e-05
2.31396400e+00	2.68470170e-04	2.66496116e-05
2.31912600e+00	2.58378248e-04	2.68793729e-05
2.32428800e+00	2.97758726e-04	2.66014354e-05
2.32944900e+00	2.67666243e-04	2.67790724e-05
2.33461100e+00	3.01382346e-04	2.68229382e-05
2.33977300e+00	2.82506393e-04	2.66367454e-05
2.34493500e+00	2.93801978e-04	2.66469362e-05
2.35009600e+00	2.76937702e-04	2.66976949e-05
2.35525800e+00	2.43338370e-04	2.64382438e-05
2.36042000e+00	2.60794026e-04	2.65663483e-05
2.36558200e+00	2.44358747e-04	2.66092573e-05
2.37074400e+00	2.45450004e-04	2.65299607e-05
2.37590500e+00	2.81619230e-04	2.65109633e-05
2.38106700e+00	3.01736375e-04	2.67266044e-05
2.38622900e+00	2.72885085e-04	2.63593095e-05
2.39139100e+00	2.21838364e-04	2.64398788e-05
2.39655200e+00	2.59590271e-04	2.65790473e-05
2.40171400e+00	2.56266613e-04	2.63422072e-05
2.40687600e+00	2.75538214e-04	2.63865097e-05
2.41203800e+00	2.35233228e-04	2.64544264e-05
2.41719900e+00	2.30934806e-04	2.62461242e-05
2.42236100e+00	2.58178334e-04	2.64152426e-05
2.42752300e+00	2.65325618e-04	2.64344072e-05
2.43268500e+00	2.63259689e-04	2.62687074e-05
2.43784600e+00	2.59311209e-04	2.61411881e-05
2.44300800e+00	2.18518887e-04	2.62122541e-05
2.44817000e+00	2.30739073e-04	2.59718561e-05
2.45333200e+00	2.32717493e-04	2.61549183e-05
2.45849300e+00	2.52334762e-04	2.60764856e-05
2.46365500e+00	2.48823639e-04	2.59337034e-05
2.46881700e+00	2.26161682e-04	2.59299318e-05
2.47397900e+00	2.61385499e-04	2.60471024e-05
2.47914100e+00	2.67258148e-04	2.58245034e-05
2.48430200e+00	2.37807209e-04	2.59401690e-05
2.48946400e+00	2.77599962e-04	2.59001120e-05
2.49462600e+00	2.73143337e-04	2.57601353e-05
2.49978800e+00	2.74484487e-04	2.58757638e-05
2.50494900e+00	2.59844343e-04	2.58753364e-05
2.51011100e+00	2.30155960e-04	2.57618074e-05
2.51527300e+00	2.72585214e-04	2.58636036e-05
2.52043500e+00	2.32425891e-04	2.59269870e-05
2.52559600e+00	2.12954377e-04	2.56960366e-05
2.53075800e+00	2.23396148e-04	2.57323592e-05
2.53592000e+00	2.17152749e-04	2.57898529e-05
2.54108200e+00	2.24691407e-04	2.56466713e-05
2.54624300e+00	2.19226946e-04	2.57628107e-05
2.55140500e+00	2.13454161e-04	2.57025765e-05
2.55656700e+00	2.42634399e-04	2.56854464e-05
2.56172900e+00	2.36453519e-04	2.57562522e-05
2.56689000e+00	2.44304681e-04	2.57714501e-05
2.57205200e+00	2.56408188e-04	2.58488237e-05
2.57721400e+00	2.36016161e-04	2.63090710e-05
2.58237600e+00	1.86502143e-04	2.66463602e-05
2.58753800e+00	2.35145626e-04	2.68194174e-05
2.59269900e+00	2.48998564e-04	2.68881145e-05
2.59786100e+00	2.32292584e-04	2.69846806e-05
2.60302300e+00	2.57820124e-04	2.63486821e-05
2.60818500e+00	2.52297325e-04	2.63736156e-05
2.61334600e+00	2.14870278e-04	2.62845277e-05
2.61850800e+00	2.17681703e-04	2.60751293e-05
2.62367000e+00	2.01500496e-04	2.60626904e-05
2.62883200e+00	1.78430351e-04	2.60243520e-05
2.63399300e+00	2.28056774e-04	2.58625724e-05
2.63915500e+00	2.36732580e-04	2.59676200e-05
2.64431700e+00	1.91620935e-04	2.59789998e-05
2.64947900e+00	1.76476920e-04	2.59731195e-05
2.65464000e+00	2.36320305e-04	2.60339854e-05
2.65980200e+00	1.97722760e-04	2.60002267e-05
2.66496400e+00	2.36603454e-04	2.58302165e-05
2.67012600e+00	1.87522613e-04	2.59039207e-05
2.67528700e+00	2.20193257e-04	2.59300897e-05
2.68044900e+00	2.14337144e-04	2.57193722e-05
2.68561100e+00	1.98776580e-04	2.58958573e-05
2.69077300e+00	2.09459883e-04	2.57764572e-05
2.69593500e+00	2.33712881e-04	2.57912464e-05
2.70109600e+00	1.94369933e-04	2.58729304e-05
2.70625800e+00	2.15224307e-04	2.58539702e-05
2.71142000e+00	1.90942046e-04	2.57036077e-05
2.71658100e+00	1.70254329e-04	2.57201897e-05
2.72174300e+00	2.11879748e-04	2.57246580e-05
2.72690500e+00	1.96294195e-04	2.55984579e-05
2.73206700e+00	1.98805657e-04	2.57851245e-05
2.73722800e+00	1.60553966e-04	2.56520686e-05
2.74239000e+00	1.89771734e-04	2.56450828e-05
2.74755200e+00	1.77026682e-04	2.57098224e-05
2.75271400e+00	1.70004437e-04	2.56754135e-05
2.75787500e+00	2.04411878e-04	2.56032514e-05
2.76303700e+00	2.18860376e-04	2.56009661e-05
2.76819900e+00	1.72832491e-04	2.55699293e-05
2.77336100e+00	1.88097364e-04	2.53976896e-05
2.77852200e+00	2.31405514e-04	2.56066142e-05
2.78368400e+00	1.75843829e-04	2.55179351e-05
2.78884600e+00	1.99034833e-04	2.54252056e-05
2.79400800e+00	2.00180156e-04	2.55169411e-05
2.79917000e+00	1.89642608e-04	2.55380751e-05
2.80433100e+00	2.36849258e-04	2.53149466e-05
2.80949300e+00	1.87081168e-04	2.54534741e-05
2.81465500e+00	2.14537057e-04	2.53565829e-05
2.81981700e+00	2.03812044e-04	2.52162810e-05
2.82497800e+00	1.88501372e-04	2.53987858e-05
2.83014000e+00	2.25382837e-04	2.53124198e-05
2.83530200e+00	1.75277438e-04	2.52772677e-05
2.84046400e+00	1.93778460e-04	2.54096547e-05
2.84562500e+00	2.35108189e-04	2.54419456e-05
2.85078700e+00	1.64623212e-04	2.52545080e-05
2.85594900e+00	2.04424326e-04	2.53829655e-05
2.86111100e+00	2.39473125e-04	2.53330521e-05
2.86627200e+00	2.48403003e-04	2.52207958e-05
2.87143400e+00	2.04166166e-04	2.54434877e-05
2.87659600e+00	2.52293144e-04	2.52680616e-05
2.88175800e+00	2.13066782e-04	2.52140794e-05
2.88691900e+00	1.82670341e-04	2.52638162e-05
2.89208100e+00	2.18448007e-04	2.53065115e-05
2.89724300e+00	1.44385301e-04	2.50149832e-05
2.90240500e+00	1.78971846e-04	2.51573102e-05
2.90756700e+00	1.92999615e-04	2.51408768e-05
2.91272800e+00	1.91562689e-04	2.50219040e-05
2.91789000e+00	2.07406495e-04	2.52555113e-05
2.92305200e+00	1.73669675e-04	2.51082329e-05
2.92821400e+00	1.72994967e-04	2.53059635e-05
2.93337500e+00	1.74731763e-04	2.58224782e-05
2.93853700e+00	1.96677394e-04	2.60547292e-05
2.94369900e+00	2.03199855e-04	2.62318181e-05
2.94886100e+00	2.01879514e-04	2.64923468e-05
2.95402200e+00	2.07718906e-04	2.64791462e-05
2.95918400e+00	2.04865864e-04	2.67652308e-05
2.96434600e+00	1.84261382e-04	2.69664078e-05
2.96950800e+00	1.42394432e-04	2.67919479e-05
2.97466900e+00	1.60899635e-04	2.71425213e-05
2.97983100e+00	2.08805983e-04	2.73936210e-05
2.98499300e+00	1.75506428e-04	2.73252491e-05
2.99015500e+00	1.91000385e-04	2.73353470e-05
2.99531700e+00	2.25295328e-04	2.72662690e-05
3.00047800e+00	1.55064423e-04	2.67041884e-05
3.00564000e+00	2.02216822e-04	2.63801277e-05
3.01080200e+00	1.72878382e-04	2.64764987e-05
3.01596400e+00	1.90388196e-04	2.61183913e-05
3.02112500e+00	1.89830073e-04	2.60648828e-05
3.02628700e+00	1.60753880e-04	2.61876922e-05
3.03144900e+00	2.00346812e-04	2.59874906e-05
3.03661100e+00	1.75223186e-04	2.58176383e-05
3.04177200e+00	2.04986629e-04	2.59597145e-05
3.04693400e+00	1.76914277e-04	2.58518707e-05
3.05209600e+00	1.65564534e-04	2.57265067e-05
3.05725800e+00	1.41140699e-04	2.58006382e-05
3.06241900e+00	1.76243656e-04	2.57237755e-05
3.06758100e+00	1.96202599e-04	2.56637550e-05
3.07274300e+00	1.76830949e-04	2.58872644e-05
3.07790500e+00	1.85694128e-04	2.56936306e-05
3.08306600e+00	1.77293296e-04	2.55959590e-05
3.08822800e+00	1.75956327e-04	2.57989940e-05
3.09339000e+00	2.08264581e-04	2.56524123e-05
3.09855200e+00	1.68625851e-04	2.55909147e-05
3.10371400e+00	1.75464811e-04	2.57151640e-05
3.10887500e+00	1.57684295e-04	2.54504642e-05
3.11403700e+00	2.27098824e-04	2.55583080e-05
3.11919900e+00	2.34745799e-04	2.57318111e-05
3.12436100e+00	1.81204246e-04	2.54714403e-05
3.12952200e+00	2.15174329e-04	2.54726758e-05
3.13468400e+00	1.57234396e-04	2.55776676e-05
3.13984600e+00	2.12358723e-04	2.52679780e-05
3.14500800e+00	1.31569462e-04	2.53989344e-05
3.15016900e+00	2.03387320e-04	2.53344456e-05
3.15533100e+00	1.92866308e-04	2.52560315e-05
3.16049300e+00	1.57584338e-04	2.52287199e-05
3.16565500e+00	1.90034167e-04	2.53649807e-05
3.17081600e+00	2.00455037e-04	2.51712912e-05
3.17597800e+00	1.62694863e-04	2.52419112e-05
3.18114000e+00	1.43548116e-04	2.51822437e-05
3.18630200e+00	1.85173535e-04	2.51127755e-05
3.19146300e+00	1.57217768e-04	2.51800513e-05
3.19662500e+00	1.72715905e-04	2.51876967e-05
3.20178700e+00	1.81387531e-04	2.50984137e-05
3.20694900e+00	2.05898782e-04	2.52407964e-05
3.21211100e+00	1.99971974e-04	2.52597752e-05
3.21727200e+00	1.29274449e-04	2.50773169e-05
3.22243400e+00	2.03953618e-04	2.52276980e-05
3.22759600e+00	1.54493852e-04	2.52700961e-05
3.23275800e+00	1.47130118e-04	2.51092640e-05
3.23791900e+00	1.76102082e-04	2.52162346e-05
3.24308100e+00	1.57155341e-04	2.51997454e-05
3.24824300e+00	1.69138083e-04	2.51738087e-05
3.25340500e+00	1.62124198e-04	2.52445959e-05
3.25856600e+00	1.58325654e-04	2.53284909e-05
3.26372800e+00	1.87260273e-04	2.50739447e-05
3.26889000e+00	1.70304401e-04	2.52925306e-05
3.27405200e+00	1.89896680e-04	2.52725114e-05
3.27921300e+00	1.92162430e-04	2.51954257e-05
3.28437500e+00	2.51176898e-04	2.52596730e-05
3.28953700e+00	1.56168221e-04	2.52332625e-05
3.29469900e+00	1.74748484e-04	2.51033744e-05
3.29986000e+00	1.46605252e-04	2.53253603e-05
3.30502200e+00	1.77663954e-04	2.53457604e-05
3.31018400e+00	1.34289197e-04	2.51326090e-05
3.31534600e+00	1.67309691e-04	2.53226198e-05
3.32050700e+00	2.03691278e-04	2.51619272e-05
3.32566900e+00	1.65885213e-04	2.52540992e-05
3.33083100e+00	1.59454441e-04	2.51407467e-05
3.33599300e+00	1.75381482e-04	2.52341636e-05
3.34115400e+00	1.98380840e-04	2.50489648e-05
3.34631600e+00	1.18691103e-04	2.52327609e-05
3.35147800e+00	1.62615622e-04	2.50853524e-05
3.35664000e+00	1.88972079e-04	2.51412019e-05
3.36180100e+00	1.67180564e-04	2.52753633e-05
3.36696300e+00	1.66468326e-04	2.50956826e-05
3.37212500e+00	1.71961956e-04	2.50859191e-05
3.37728700e+00	1.41748800e-04	2.52032755e-05
3.38244800e+00	1.50345458e-04	2.51867120e-05
3.38761000e+00	1.69587981e-04	2.51799770e-05
3.39277200e+00	1.50703668e-04	2.52762551e-05
3.39793400e+00	1.71070705e-04	2.52047804e-05
3.40309500e+00	1.34197601e-04	2.51311412e-05
3.40825700e+00	1.42194518e-04	2.54569856e-05
3.41341900e+00	1.70083585e-04	2.51462276e-05
3.41858100e+00	1.50262130e-04	2.51268122e-05
3.42374300e+00	1.46784357e-04	2.52664731e-05
3.42890400e+00	1.51340939e-04	2.51950541e-05
3.43406600e+00	1.63673622e-04	2.51005503e-05
3.43922800e+00	1.60470638e-04	2.54010153e-05
3.44439000e+00	1.24093231e-04	2.51582670e-05
3.44955100e+00	1.23722480e-04	2.51294784e-05
3.45471300e+00	1.55176921e-04	2.53512227e-05
3.45987500e+00	1.64781415e-04	2.52117384e-05
3.46503700e+00	1.64406670e-04	2.50793327e-05
3.47019800e+00	1.85719117e-04	2.53202138e-05
3.47536000e+00	1.65547905e-04	2.51848541e-05
3.48052200e+00	1.16929318e-04	2.51123296e-05
3.48568400e+00	1.70271051e-04	2.53290111e-05
3.49084500e+00	1.34355897e-04	2.51253445e-05
3.49600700e+00	1.70650069e-04	2.51321631e-05
3.50116900e+00	1.66464145e-04	2.54167985e-05
3.50633100e+00	1.65951913e-04	2.52792835e-05
3.51149200e+00	1.82841085e-04	2.50885109e-05
3.51665400e+00	1.20648715e-04	2.53907038e-05
3.52181600e+00	1.75310788e-04	2.51705573e-05
3.52697800e+00	1.69288018e-04	2.52184827e-05
3.53214000e+00	1.43514766e-04	2.53221182e-05
3.53730100e+00	1.60441468e-04	2.52558364e-05
3.54246300e+00	1.35013977e-04	2.52013061e-05
3.54762500e+00	1.93870149e-04	2.54027061e-05
3.55278700e+00	1.48146315e-04	2.52631845e-05
3.55794800e+00	1.37088174e-04	2.51119116e-05
3.56311000e+00	1.84932003e-04	2.54291259e-05
3.56827200e+00	1.64061001e-04	2.52361423e-05
3.57343400e+00	1.77576538e-04	2.50840983e-05
3.57859500e+00	1.15400796e-04	2.53618687e-05
3.58375700e+00	1.12451884e-04	2.51575703e-05
3.58891900e+00	1.78759298e-04	2.52383533e-05
3.59408100e+00	1.72016208e-04	2.53278592e-05
3.59924200e+00	2.18364772e-04	2.52622927e-05
3.60440400e+00	1.39770473e-04	2.50813486e-05
3.60956600e+00	1.37650385e-04	2.54274444e-05
3.61472800e+00	1.13085068e-04	2.50972061e-05
3.61988900e+00	1.42898396e-04	2.52618561e-05
3.62505100e+00	1.30411598e-04	2.52798130e-05
3.63021300e+00	1.21581676e-04	2.52024115e-05
3.63537500e+00	1.73932109e-04	2.52949366e-05
3.64053700e+00	1.70412625e-04	2.54830152e-05
3.64569800e+00	1.13705618e-04	2.51776917e-05
3.65086000e+00	1.61282833e-04	2.53028514e-05
3.65602200e+00	2.03062368e-04	2.53686316e-05
3.66118400e+00	1.32748228e-04	2.51482992e-05
3.66634500e+00	1.41927905e-04	2.53568337e-05
3.67150700e+00	1.73827971e-04	2.53680742e-05
3.67666900e+00	1.77289115e-04	2.52171542e-05
3.68183100e+00	1.89750925e-04	2.53205575e-05
3.68699200e+00	1.54960379e-04	2.53303303e-05
3.69215400e+00	1.45780609e-04	2.52043252e-05
3.69731600e+00	1.01922697e-04	2.52993492e-05
3.70247800e+00	1.38929108e-04	2.53462620e-05
3.70763900e+00	1.23160176e-04	2.52762644e-05
3.71280100e+00	1.77489029e-04	2.53060564e-05
3.71796300e+00	1.76102082e-04	2.53229543e-05
3.72312500e+00	1.50686946e-04	2.50628622e-05
3.72828700e+00	1.64460828e-04	2.54055766e-05
3.73344800e+00	1.51307589e-04	2.53548921e-05
3.73861000e+00	1.52024008e-04	2.52851918e-05
3.74377200e+00	1.47167463e-04	2.53397407e-05
3.74893400e+00	1.70091946e-04	2.57686539e-05
3.75409500e+00	1.66089307e-04	2.61222465e-05
3.75925700e+00	1.27608533e-04	2.65729719e-05
3.76441900e+00	1.19265948e-04	2.65399285e-05
3.76958100e+00	1.34526641e-04	2.68979802e-05
3.77474200e+00	1.97685323e-04	2.69770073e-05
3.77990400e+00	1.02930719e-04	2.69709784e-05
3.78506600e+00	1.21169308e-04	2.71225393e-05
3.79022800e+00	1.60616486e-04	2.74078435e-05
3.79538900e+00	1.60987143e-04	2.70946889e-05
3.80055100e+00	1.13672268e-04	2.73067998e-05
3.80571300e+00	1.22693742e-04	2.73290764e-05
3.81087500e+00	1.43469061e-04	2.73608378e-05
3.81603600e+00	1.81021053e-04	2.65734363e-05
3.82119800e+00	1.60870465e-04	2.65749506e-05
3.82636000e+00	1.16000537e-04	2.62190170e-05
3.83152200e+00	1.66705769e-04	2.60517379e-05
3.83668400e+00	1.10823406e-04	2.63299820e-05
3.84184500e+00	1.26804699e-04	2.60988365e-05
3.84700700e+00	1.16192183e-04	2.60259127e-05
3.85216900e+00	1.22864579e-04	2.61600554e-05
3.85733100e+00	1.50245501e-04	2.60293591e-05
3.86249200e+00	8.80614361e-05	2.58781419e-05
3.86765400e+00	1.90808832e-04	2.61522614e-05
3.87281600e+00	1.27600173e-04	2.60967185e-05
3.87797800e+00	1.58546376e-04	2.60223640e-05
3.88313900e+00	1.09065708e-04	2.62448422e-05
3.88830100e+00	1.84369700e-04	2.61065470e-05
3.89346300e+00	1.44002102e-04	2.59324029e-05
3.89862500e+00	1.26837956e-04	2.62128951e-05
3.90378600e+00	1.51736586e-04	2.59447395e-05
3.90894800e+00	1.62857246e-04	2.59167962e-05
3.91411000e+00	1.55489332e-04	2.61544816e-05
3.91927200e+00	1.26134077e-04	2.60384909e-05
3.92443300e+00	1.28662260e-04	2.58512669e-05
3.92959500e+00	1.51545033e-04	2.62153197e-05
3.93475700e+00	1.54048226e-04	2.60824496e-05
3.93991900e+00	1.42452678e-04	2.59116126e-05
3.94508000e+00	1.57671754e-04	2.61804277e-05
3.95024200e+00	1.66809814e-04	2.60390204e-05
3.95540400e+00	1.62994733e-04	2.59887819e-05
3.96056600e+00	1.06945713e-04	2.62729342e-05
3.96572700e+00	1.60478998e-04	2.61103464e-05
3.97088900e+00	1.58096663e-04	2.61423958e-05
3.97605100e+00	1.51057697e-04	2.63438422e-05
3.98121300e+00	1.29132875e-04	2.60716828e-05
3.98637400e+00	1.17325058e-04	2.61417362e-05
3.99153600e+00	1.11577262e-04	2.63381012e-05
3.99669800e+00	1.35376274e-04	2.60828397e-05
4.00186000e+00	9.61041139e-05	2.61491029e-05
4.00702100e+00	8.62204656e-05	2.63047606e-05
4.01218300e+00	1.76643577e-04	2.60770058e-05
4.01734500e+00	1.52665367e-04	2.64191443e-05
4.02250700e+00	9.14892860e-05	2.62969573e-05
4.02766800e+00	1.21598398e-04	2.62169732e-05
4.03283000e+00	1.24630545e-04	2.63176175e-05
4.03799200e+00	1.11606432e-04	2.63323974e-05
4.04315400e+00	1.67392926e-04	2.61199334e-05
4.04831600e+00	9.51878741e-05	2.63274460e-05
4.05347700e+00	1.18445392e-04	2.63549341e-05
4.05863900e+00	1.23476768e-04	2.62693577e-05
4.06380100e+00	1.17141773e-04	2.64215967e-05
4.06896300e+00	1.30952999e-04	2.63014256e-05
4.07412400e+00	1.36305055e-04	2.63772293e-05
4.07928600e+00	1.93957565e-04	2.65075633e-05
4.08444800e+00	1.79500799e-04	2.63196241e-05
4.08961000e+00	1.71553861e-04	2.64356613e-05
4.09477100e+00	1.30369887e-04	2.65190732e-05
4.09993300e+00	1.52315518e-04	2.63127218e-05
4.10509500e+00	1.26871305e-04	2.63645953e-05
4.11025700e+00	1.40786669e-04	2.65634964e-05
4.11541800e+00	1.47242523e-04	2.65385165e-05
4.12058000e+00	1.13747235e-04	2.64526985e-05
4.12574200e+00	8.85862186e-05	2.66102234e-05
4.13090400e+00	1.46684400e-04	2.64099661e-05
4.13606500e+00	8.16555882e-05	2.65891266e-05
4.14122700e+00	8.01187243e-05	2.66347203e-05
4.14638900e+00	9.97193737e-05	2.65172153e-05
4.15155100e+00	1.39345563e-04	2.65745139e-05
4.15671300e+00	1.38479209e-04	2.68076288e-05
4.16187400e+00	7.85484640e-05	2.64989704e-05
4.16703600e+00	1.17866460e-04	2.67140447e-05
4.17219800e+00	9.16933429e-05	2.68296082e-05
4.17736000e+00	1.54985368e-04	2.66498903e-05
4.18252100e+00	1.71562129e-04	2.67304131e-05
4.18768300e+00	1.01572848e-04	2.69833522e-05
4.19284500e+00	1.32414914e-04	2.66225044e-05
4.19800700e+00	1.19415883e-04	2.68430596e-05
4.20316800e+00	1.45230846e-04	2.69702352e-05
4.20833000e+00	1.01048075e-04	2.67361727e-05
4.21349200e+00	1.36617467e-04	2.68695445e-05
4.21865400e+00	1.38296017e-04	2.69354825e-05
4.22381500e+00	1.04005254e-04	2.67285366e-05
4.22897700e+00	1.36155213e-04	2.68360645e-05
4.23413900e+00	1.58259047e-04	2.70483241e-05
4.23930100e+00	1.07557995e-04	2.66431367e-05
4.24446200e+00	1.03963544e-04	2.68856621e-05
4.24962400e+00	1.35980288e-04	2.69739603e-05
4.25478600e+00	1.31936032e-04	2.66949452e-05
4.25994800e+00	1.76035382e-04	2.69559848e-05
4.26511000e+00	1.43406541e-04	2.70911588e-05
4.27027100e+00	1.62936394e-04	2.68558236e-05
4.27543300e+00	1.48875275e-04	2.76937888e-05
4.28059500e+00	1.23893317e-04	2.80072965e-05
4.28575700e+00	1.33085535e-04	2.84143418e-05
4.29091800e+00	1.26937912e-04	2.85189434e-05
4.29608000e+00	1.17191751e-04	2.87115275e-05
4.30124200e+00	1.34880671e-04	2.87356807e-05
4.30640400e+00	1.38995807e-04	2.87892077e-05
4.31156500e+00	1.48691897e-04	2.88828290e-05
4.31672700e+00	1.66834803e-04	2.90693283e-05
4.32188900e+00	5.38414797e-05	2.91375981e-05
4.32705100e+00	1.35222159e-04	2.92280609e-05
4.33221200e+00	1.18816142e-04	2.92786338e-05
4.33737400e+00	1.39403902e-04	2.94476686e-05
4.34253600e+00	1.32510784e-04	2.94123029e-05
4.34769800e+00	1.33972699e-04	2.95799906e-05
4.35285900e+00	1.58388173e-04	2.96855120e-05
4.35802100e+00	1.01810292e-04	2.98067607e-05
4.36318300e+00	1.43847986e-04	2.98748354e-05
4.36834500e+00	1.15646508e-04	2.99778021e-05
4.37350700e+00	6.98435629e-05	3.00532063e-05
4.37866800e+00	1.17504070e-04	3.00264242e-05
4.38383000e+00	1.07224774e-04	3.01436319e-05
4.38899200e+00	8.35590317e-05	3.01507571e-05
4.39415400e+00	1.93332835e-04	3.03626730e-05
4.39931500e+00	1.67709518e-04	3.02352094e-05
4.40447700e+00	8.84071417e-05	3.05391581e-05
4.40963900e+00	1.10327709e-04	3.04342498e-05
4.41480100e+00	1.09136588e-04	3.05472958e-05
4.41996200e+00	1.28708058e-04	3.07744282e-05
4.42512400e+00	1.33697817e-04	3.08183869e-05
4.43028600e+00	1.25721709e-04	3.08229667e-05
4.43544800e+00	1.55914149e-04	3.07641538e-05
4.44060900e+00	1.74935857e-04	3.09777511e-05
4.44577100e+00	1.33535341e-04	3.10889113e-05
4.45093300e+00	9.79742168e-05	3.11469345e-05
4.45609500e+00	1.17250090e-04	3.11829227e-05
4.46125700e+00	1.26879666e-04	3.12349262e-05
4.46641800e+00	1.30124175e-04	3.13997993e-05
4.47158000e+00	8.42129499e-05	3.14524252e-05
4.47674200e+00	1.26117449e-04	3.14046763e-05
4.48190400e+00	1.12855892e-04	3.13793620e-05
4.48706500e+00	1.62540747e-04	3.12760330e-05
4.49222700e+00	1.35422165e-04	3.14294705e-05
4.49738900e+00	1.33268820e-04	3.13672483e-05
4.50255100e+00	1.73057393e-04	3.15462509e-05
4.50771200e+00	1.51340939e-04	3.14405716e-05
4.51287400e+00	7.76696986e-05	3.15304398e-05
4.51803600e+00	6.43207165e-05	3.15957369e-05
4.52319800e+00	1.35051508e-04	3.14631269e-05
4.52835900e+00	1.46222054e-04	3.15306071e-05
4.53352100e+00	1.10111167e-04	3.14580640e-05
4.53868300e+00	1.27483587e-04	3.15418383e-05
4.54384500e+00	1.76006305e-04	3.15190321e-05
4.54900600e+00	1.05100692e-04	3.15274207e-05
4.55416800e+00	9.67789154e-05	3.13733980e-05
4.55933000e+00	1.53123533e-04	3.14747576e-05
4.56449200e+00	1.19974006e-04	3.15560329e-05
4.56965400e+00	6.78026881e-05	3.16030386e-05
4.57481500e+00	4.55155598e-05	3.14106310e-05
4.57997700e+00	1.59700153e-04	3.15960621e-05
4.58513900e+00	1.92158249e-04	3.14802664e-05
4.59030100e+00	8.61788664e-05	3.15755412e-05
4.59546200e+00	1.62053411e-04	3.14978981e-05
4.60062400e+00	7.50207129e-05	3.16746341e-05
4.60578600e+00	1.62132559e-04	3.17379524e-05
4.61094800e+00	1.38437684e-04	3.18362743e-05
4.61610900e+00	1.95602765e-04	3.20140878e-05
4.62127100e+00	1.31752747e-04	3.18674318e-05
4.62643300e+00	1.51715777e-04	3.19765761e-05
4.63159500e+00	1.30769714e-04	3.21767963e-05
4.63675600e+00	1.30365707e-04	3.21928674e-05
4.64191800e+00	1.07562175e-04	3.23085609e-05
4.64708000e+00	1.71224821e-04	3.23982713e-05
4.65224200e+00	1.44081250e-04	3.25113358e-05
4.65740300e+00	7.79945304e-05	3.24772799e-05
4.66256500e+00	1.52682088e-04	3.28533256e-05
4.66772700e+00	1.10952532e-04	3.28627732e-05
4.67288900e+00	1.48087976e-04	3.27432523e-05
4.67805100e+00	1.30278291e-04	3.28832012e-05
4.68321200e+00	1.45901374e-04	3.30122811e-05
4.68837400e+00	1.41815500e-04	3.32562463e-05
4.69353600e+00	9.91446220e-05	3.32092127e-05
4.69869800e+00	1.53469294e-04	3.33519392e-05
4.70385900e+00	1.58763011e-04	3.35038531e-05
4.70902100e+00	1.10419398e-04	3.36807655e-05
4.71418300e+00	1.08020341e-04	3.37312549e-05
4.71934500e+00	1.05129769e-04	3.38230275e-05
4.72450600e+00	9.57210081e-05	3.39308619e-05
4.72966800e+00	1.12743487e-04	3.39357297e-05
4.73483000e+00	1.29499445e-04	3.41895699e-05
4.73999200e+00	1.30678118e-04	3.42288930e-05
4.74515300e+00	7.88442191e-05	3.42384893e-05
4.75031500e+00	1.49845674e-04	3.45784818e-05
4.75547700e+00	1.11010778e-04	3.45485598e-05
4.76063900e+00	7.00393147e-05	3.47085093e-05
4.76580000e+00	1.44755958e-04	3.50492635e-05
4.77096200e+00	1.00077583e-04	3.47688735e-05
4.77612400e+00	1.06237654e-04	3.49978081e-05
4.78128600e+00	9.85615096e-05	3.50855861e-05
4.78644800e+00	8.61163934e-05	3.51484214e-05
4.79160900e+00	1.19640786e-04	3.53287525e-05
4.79677100e+00	1.42023681e-04	3.54775543e-05
4.80193300e+00	1.32277520e-04	3.55292421e-05
4.80709500e+00	4.60778448e-05	3.57216496e-05
4.81225600e+00	1.46230414e-04	3.57862593e-05
4.81741800e+00	5.34249774e-05	3.60160299e-05
4.82258000e+00	9.73453064e-05	3.59255485e-05
4.82774200e+00	5.19089038e-05	3.60957910e-05
4.83290300e+00	1.05104872e-04	3.61571771e-05
4.83806500e+00	1.32260799e-04	3.61834483e-05
4.84322700e+00	1.02243469e-04	3.64597044e-05
4.84838800e+00	1.02959795e-04	3.65407289e-05
4.85355000e+00	1.26388150e-04	3.67592776e-05
4.85871200e+00	8.47211040e-05	3.67869329e-05
4.86387300e+00	1.35971928e-04	3.70210883e-05
4.86903500e+00	1.59029625e-04	3.71071013e-05
4.87419700e+00	1.49021030e-04	3.70551906e-05
4.87935900e+00	1.08590913e-04	3.71230145e-05
4.88452100e+00	1.05413011e-04	3.72533950e-05
4.88968200e+00	1.50237233e-04	3.72470594e-05
4.89484400e+00	1.07491388e-04	3.72113314e-05
4.90000600e+00	7.88608476e-05	3.73783967e-05
4.90516800e+00	1.55743312e-04	3.75289172e-05
4.91032900e+00	1.12393638e-04	3.77005066e-05
4.91549100e+00	1.21977323e-04	3.83468538e-05
4.92065300e+00	1.19532468e-04	3.79633113e-05
4.92581500e+00	1.66226794e-05	3.82909114e-05
4.93097600e+00	1.29824305e-04	3.85906704e-05
4.93613800e+00	1.24980394e-04	3.84840994e-05
4.94130000e+00	1.12897602e-04	3.89397575e-05
4.94646200e+00	1.15625699e-04	3.91338930e-05
4.95162300e+00	6.75694431e-05	3.92260372e-05
4.95678500e+00	1.32831463e-04	3.95185595e-05
4.96194700e+00	1.40166120e-04	3.96580810e-05
4.96710900e+00	1.08728400e-04	4.02201152e-05
4.97227000e+00	1.50653689e-04	3.99504361e-05
4.97743200e+00	4.23751229e-05	4.02269617e-05
4.98259400e+00	1.56297348e-04	4.03395617e-05
4.98775600e+00	1.22289735e-04	4.06371190e-05
4.99291800e+00	1.21023553e-04	4.07571415e-05
4.99807900e+00	1.71895349e-04	4.09938887e-05
5.00324100e+00	1.78142929e-04	4.13607562e-05
5.00840300e+00	1.20686245e-04	4.14924280e-05
5.01356500e+00	1.19790721e-04	4.17246697e-05
5.01872600e+00	1.09219823e-04	4.21218865e-05
5.02388800e+00	9.90780151e-05	4.20134297e-05
5.02905000e+00	9.68579704e-05	4.20659534e-05
5.03421200e+00	-1.04875696e-05	4.21831147e-05
5.03937300e+00	1.13239184e-04	4.26092039e-05
5.04453500e+00	9.68996810e-05	4.28179520e-05
5.04969700e+00	1.86839543e-04	4.24587949e-05
5.05485900e+00	1.10452655e-04	4.29824255e-05
5.06002000e+00	6.69946821e-05	4.34335039e-05
5.06518200e+00	1.56234828e-04	4.41393886e-05
5.07034400e+00	1.43877156e-04	4.45356486e-05
5.07550600e+00	7.06140943e-05	4.48861849e-05
5.08066700e+00	1.32277520e-04	4.54627945e-05
5.08582900e+00	1.38071021e-04	4.55668295e-05
5.09099100e+00	1.25330243e-04	4.62707262e-05
5.09615300e+00	1.52565410e-04	4.65880612e-05
5.10131500e+00	1.24305592e-04	4.69786174e-05
5.10647600e+00	1.07695482e-04	4.77641888e-05
5.11163800e+00	6.93604166e-05	4.82404607e-05
5.11680000e+00	5.43829279e-05	4.92575213e-05
5.12196200e+00	1.16983477e-04	4.94500683e-05
5.12712300e+00	7.55205249e-05	4.98948111e-05
5.13228500e+00	5.81772831e-05	5.06004542e-05
5.13744700e+00	7.42335158e-05	5.08917967e-05
5.14260900e+00	1.00827259e-04	5.23041605e-05
5.14777000e+00	-2.11292455e-05	5.34493350e-05
5.15293200e+00	1.43606455e-04	5.43346216e-05
5.15809400e+00	1.39104032e-04	5.53974153e-05
5.16325600e+00	5.57907119e-05	5.62174235e-05
5.16841700e+00	8.11932786e-05	5.87486813e-05
5.17357900e+00	1.50799444e-04	6.18019905e-05
5.17874100e+00	2.09264150e-04	6.21007090e-05
5.18390300e+00	1.59954225e-04	6.34994542e-05
5.18906500e+00	1.13401567e-04	6.36287385e-05
5.19422600e+00	1.58583906e-04	6.80897945e-05
5.19938800e+00	1.71308056e-04	7.13922061e-05
5.20455000e+00	1.10902554e-04	7.55042679e-05
5.20971200e+00	1.43152469e-04	1.08261223e-04
