q[nm-1]	merged(TipAS_1.96mgml-1_35deg_sub_ave_cm-1_divconc_nm-1.dat_00001_[493]TipAS_NaP_35deg_1-2_ave_sub_cm-1_divconc.dat_00001_[TipAS_NaP_35deg_1-2_ave_sub.dat],scale_high,lq=0.9025,hq=1.0031)	error
1.14692100e-01	1.36433200e-02	2.31220900e-03
1.27435600e-01	1.77247900e-02	1.65945500e-03
1.40179000e-01	1.47236400e-02	1.55360300e-03
1.52922400e-01	1.59106600e-02	1.33895200e-03
1.65665800e-01	1.77466800e-02	1.22287600e-03
1.78409200e-01	1.72203600e-02	1.20882400e-03
1.91152500e-01	1.52136000e-02	1.05530700e-03
2.03895700e-01	1.86825000e-02	1.06351100e-03
2.16639000e-01	1.32277100e-02	9.13601500e-04
2.29382100e-01	1.73958300e-02	9.03833700e-04
2.42125300e-01	1.48703400e-02	8.37160700e-04
2.54868300e-01	1.47180400e-02	7.86470900e-04
2.67611300e-01	1.45059100e-02	7.61800500e-04
2.80354300e-01	1.46584700e-02	6.82327600e-04
2.93097200e-01	1.43667200e-02	6.62629600e-04
3.05840000e-01	1.26962300e-02	6.11803100e-04
3.18582800e-01	1.39558100e-02	5.91588800e-04
3.31325500e-01	1.28910300e-02	5.62873000e-04
3.44068100e-01	1.24683500e-02	5.20580600e-04
3.56810600e-01	1.22225500e-02	5.14334200e-04
3.69553100e-01	1.31953800e-02	4.93741500e-04
3.82295500e-01	1.16682100e-02	4.82453500e-04
3.95037800e-01	1.31569000e-02	4.71856600e-04
4.07780000e-01	1.17591700e-02	4.47707600e-04
4.20522100e-01	1.12767000e-02	4.47290200e-04
4.33264100e-01	1.01132300e-02	4.14808900e-04
4.46006100e-01	1.09030600e-02	4.33362700e-04
4.58747900e-01	1.03872200e-02	4.07756100e-04
4.71489600e-01	9.99778600e-03	4.03901600e-04
4.84231300e-01	9.87927600e-03	4.00419100e-04
4.96972800e-01	9.57164300e-03	3.81868700e-04
5.09714200e-01	8.67688300e-03	3.81246200e-04
5.22455500e-01	8.66429600e-03	3.66025100e-04
5.35196700e-01	8.76310700e-03	3.70534200e-04
5.47937800e-01	8.82629100e-03	3.63742000e-04
5.60678700e-01	8.11618900e-03	3.42958000e-04
5.73419600e-01	8.31598500e-03	3.49459400e-04
5.86160300e-01	7.02945400e-03	3.32018100e-04
5.98900800e-01	7.05560200e-03	3.33019200e-04
6.11641300e-01	7.49695900e-03	3.36422200e-04
6.24381600e-01	7.32062800e-03	3.17400700e-04
6.37121700e-01	7.02748000e-03	3.28400100e-04
6.49861800e-01	7.04331100e-03	3.07918000e-04
6.62601700e-01	7.34900000e-03	3.12822700e-04
6.75341400e-01	6.33093400e-03	3.01874800e-04
6.88081000e-01	6.46273000e-03	3.04212300e-04
7.00820400e-01	6.92617900e-03	3.06546200e-04
7.13559700e-01	6.01344900e-03	2.85832800e-04
7.26298800e-01	6.43537800e-03	2.90843000e-04
7.39037800e-01	5.84559700e-03	2.82552700e-04
7.51776600e-01	5.58171400e-03	2.84436600e-04
7.64515300e-01	6.00696900e-03	2.78173700e-04
7.77253700e-01	5.89143900e-03	2.76688800e-04
7.89992000e-01	5.12833200e-03	2.70699800e-04
8.02730200e-01	4.92414100e-03	2.64541000e-04
8.15468100e-01	4.28926500e-03	2.62917700e-04
8.28205900e-01	4.65642800e-03	2.58109500e-04
8.40943500e-01	4.87860500e-03	2.57181000e-04
8.53680900e-01	3.84195200e-03	2.57168600e-04
8.66418100e-01	4.38007200e-03	2.48895700e-04
8.79155100e-01	4.62501000e-03	2.51564500e-04
8.91892000e-01	4.03028700e-03	2.43098600e-04
9.17365000e-01	4.17080466e-03	2.45355493e-04
9.30101300e-01	4.00505224e-03	2.41883498e-04
9.42837300e-01	3.86197952e-03	2.38787566e-04
9.55573100e-01	3.66864266e-03	2.35289325e-04
9.68308700e-01	3.72876595e-03	2.33257315e-04
9.81044100e-01	3.71554047e-03	2.30587085e-04
9.93779300e-01	3.48401653e-03	2.29178156e-04
1.01320100e+00	3.32280153e-03	3.21300065e-05
1.01836200e+00	3.27974493e-03	3.23008914e-05
1.02352400e+00	3.26946009e-03	3.24939170e-05
1.02868600e+00	3.22976451e-03	3.20931410e-05
1.03384800e+00	3.27433304e-03	3.22552557e-05
1.03900900e+00	3.15072757e-03	3.21955500e-05
1.04417100e+00	3.11326400e-03	3.19473831e-05
1.04933300e+00	3.11119699e-03	3.19783300e-05
1.05449500e+00	3.05035781e-03	3.21668271e-05
1.05965600e+00	2.99949320e-03	3.19825089e-05
1.06481800e+00	3.00055764e-03	3.20225667e-05
1.06998000e+00	2.95727236e-03	3.21418884e-05
1.07514200e+00	2.94339335e-03	3.17457307e-05
1.08030300e+00	2.85197675e-03	3.18960172e-05
1.08546500e+00	2.91176763e-03	3.20382778e-05
1.09062700e+00	2.87852955e-03	3.16538855e-05
1.09578900e+00	2.81033612e-03	3.17979934e-05
1.10095000e+00	2.78096932e-03	3.19605923e-05
1.10611200e+00	2.80285722e-03	3.15526961e-05
1.11127400e+00	2.67667090e-03	3.21313247e-05
1.11643600e+00	2.66939735e-03	3.25032343e-05
1.12159800e+00	2.64965179e-03	3.25832603e-05
1.12675900e+00	2.66824413e-03	3.28201371e-05
1.13192100e+00	2.57206668e-03	3.31160380e-05
1.13708300e+00	2.55892749e-03	3.30182832e-05
1.14224500e+00	2.57916716e-03	3.28856806e-05
1.14740600e+00	2.59548713e-03	3.31422949e-05
1.15256800e+00	2.47818582e-03	3.31016452e-05
1.15773000e+00	2.48661259e-03	3.32367676e-05
1.16289200e+00	2.41586700e-03	3.30276812e-05
1.16805300e+00	2.39850590e-03	3.29509731e-05
1.17321500e+00	2.33280454e-03	3.30443069e-05
1.17837700e+00	2.30109004e-03	3.25311501e-05
1.18353900e+00	2.27139772e-03	3.19929650e-05
1.18870000e+00	2.32638380e-03	3.24856579e-05
1.19386200e+00	2.25378463e-03	3.23777609e-05
1.19902400e+00	2.25662285e-03	3.20690633e-05
1.20418600e+00	2.18947862e-03	3.26047285e-05
1.20934700e+00	2.17276945e-03	3.24160252e-05
1.21450900e+00	2.17276138e-03	3.21720372e-05
1.21967100e+00	2.12785478e-03	3.23928621e-05
1.22483300e+00	2.09310478e-03	3.22773427e-05
1.22999500e+00	2.08827219e-03	3.19625562e-05
1.23515600e+00	2.05665006e-03	3.24838196e-05
1.24031800e+00	2.05359842e-03	3.22027868e-05
1.24548000e+00	2.06204133e-03	3.21323649e-05
1.25064200e+00	1.96198902e-03	3.21948236e-05
1.25580300e+00	1.97173402e-03	3.21168422e-05
1.26096500e+00	2.01817316e-03	3.20324041e-05
1.26612700e+00	1.97586355e-03	3.22708143e-05
1.27128900e+00	1.92866575e-03	3.19893870e-05
1.27645000e+00	1.93662263e-03	3.18308145e-05
1.28161200e+00	1.99580550e-03	3.20384123e-05
1.28677400e+00	1.92159397e-03	3.18656174e-05
1.29193600e+00	1.81372917e-03	3.25291683e-05
1.29709700e+00	1.82839195e-03	3.27464421e-05
1.30225900e+00	1.81888818e-03	3.26916775e-05
1.30742100e+00	1.79604614e-03	3.30661697e-05
1.31258300e+00	1.75673258e-03	3.32465602e-05
1.31774400e+00	1.74016062e-03	3.31379367e-05
1.32290600e+00	1.71076153e-03	3.33433286e-05
1.32806800e+00	1.68166824e-03	3.38081326e-05
1.33323000e+00	1.72524316e-03	3.35232527e-05
1.33839100e+00	1.67671907e-03	3.40278366e-05
1.34355300e+00	1.63324009e-03	3.39353457e-05
1.34871500e+00	1.60028808e-03	3.38882842e-05
1.35387700e+00	1.57122259e-03	3.39333997e-05
1.35903800e+00	1.55792287e-03	3.35389996e-05
1.36420000e+00	1.51818694e-03	3.31739144e-05
1.36936200e+00	1.59064621e-03	3.27456978e-05
1.37452400e+00	1.53227848e-03	3.29791042e-05
1.37968600e+00	1.55481115e-03	3.29105386e-05
1.38484700e+00	1.52083684e-03	3.25901205e-05
1.39000900e+00	1.44153445e-03	3.27208219e-05
1.39517100e+00	1.50859708e-03	3.23064064e-05
1.40033300e+00	1.46133113e-03	3.23626506e-05
1.40549400e+00	1.50805096e-03	3.24068156e-05
1.41065600e+00	1.45011008e-03	3.22247572e-05
1.41581800e+00	1.43028471e-03	3.19742677e-05
1.42098000e+00	1.38504900e-03	3.23390033e-05
1.42614100e+00	1.33603708e-03	3.20929169e-05
1.43130300e+00	1.36847615e-03	3.19284886e-05
1.43646500e+00	1.36372337e-03	3.20397575e-05
1.44162700e+00	1.30673125e-03	3.18637880e-05
1.44678800e+00	1.32225850e-03	3.17211149e-05
1.45195000e+00	1.34823199e-03	3.19378148e-05
1.45711200e+00	1.31664573e-03	3.15808720e-05
1.46227400e+00	1.27655648e-03	3.14749478e-05
1.46743500e+00	1.25526402e-03	3.16525583e-05
1.47259700e+00	1.19734735e-03	3.16864017e-05
1.47775900e+00	1.23271611e-03	3.13282752e-05
1.48292100e+00	1.20976646e-03	3.15310216e-05
1.48808300e+00	1.21606255e-03	3.13155772e-05
1.49324400e+00	1.27161179e-03	3.12612072e-05
1.49840600e+00	1.18473814e-03	3.14045259e-05
1.50356800e+00	1.18446104e-03	3.11269815e-05
1.50873000e+00	1.13019864e-03	3.11178974e-05
1.51389100e+00	1.16832221e-03	3.13234776e-05
1.51905300e+00	1.15100595e-03	3.12465094e-05
1.52421500e+00	1.08553416e-03	3.11079973e-05
1.52937700e+00	1.09482181e-03	3.11355006e-05
1.53453800e+00	1.13460168e-03	3.11677119e-05
1.53970000e+00	1.04127950e-03	3.08763485e-05
1.54486200e+00	1.07030015e-03	3.11663668e-05
1.55002400e+00	1.05263774e-03	3.09465372e-05
1.55518500e+00	1.03143676e-03	3.08501365e-05
1.56034700e+00	1.03368043e-03	3.11078179e-05
1.56550900e+00	1.01813704e-03	3.09750450e-05
1.57067100e+00	1.04367920e-03	3.06251775e-05
1.57583200e+00	1.02568320e-03	3.09229617e-05
1.58099400e+00	1.01296996e-03	3.08204720e-05
1.58615600e+00	9.36128263e-04	3.06485827e-05
1.59131800e+00	9.24332400e-04	3.07476737e-05
1.59648000e+00	9.94311264e-04	3.06102018e-05
1.60164100e+00	9.95616933e-04	3.04962517e-05
1.60680300e+00	9.53738660e-04	3.07260082e-05
1.61196500e+00	9.23286789e-04	3.05068961e-05
1.61712700e+00	9.36626857e-04	3.04386264e-05
1.62228800e+00	8.92541411e-04	3.04931489e-05
1.62745000e+00	9.06090691e-04	3.05221229e-05
1.63261200e+00	9.12125825e-04	3.02404893e-05
1.63777400e+00	8.09813259e-04	3.04737701e-05
1.64293500e+00	8.64408806e-04	3.02783681e-05
1.64809700e+00	8.19973089e-04	3.02549898e-05
1.65325900e+00	8.55728615e-04	3.03606629e-05
1.65842100e+00	8.49013923e-04	3.03266222e-05
1.66358200e+00	8.41788979e-04	3.00865978e-05
1.66874400e+00	8.13475769e-04	3.02973254e-05
1.67390600e+00	8.75775574e-04	3.02098383e-05
1.67906800e+00	8.27210318e-04	2.99542464e-05
1.68422900e+00	7.78384556e-04	3.01677359e-05
1.68939100e+00	7.72220379e-04	3.00985605e-05
1.69455300e+00	7.67890776e-04	2.99334776e-05
1.69971500e+00	8.27825669e-04	3.03656309e-05
1.70487600e+00	7.91189892e-04	2.98371665e-05
1.71003800e+00	7.89995958e-04	2.98763366e-05
1.71520000e+00	6.97747179e-04	2.99063957e-05
1.72036200e+00	7.08638938e-04	2.98427443e-05
1.72552300e+00	7.92665316e-04	2.97079627e-05
1.73068500e+00	7.26212927e-04	2.98927113e-05
1.73584700e+00	6.91422753e-04	2.97304352e-05
1.74100900e+00	7.36839157e-04	2.96143688e-05
1.74617100e+00	7.15558359e-04	2.99914884e-05
1.75133200e+00	6.68738449e-04	2.96585427e-05
1.75649400e+00	6.66125048e-04	2.94455823e-05
1.76165600e+00	6.88451548e-04	2.96235246e-05
1.76681800e+00	6.80281608e-04	2.94258089e-05
1.77197900e+00	6.68766607e-04	2.93774382e-05
1.77714100e+00	6.28178669e-04	2.94777398e-05
1.78230300e+00	6.51152354e-04	2.93635027e-05
1.78746500e+00	5.89291420e-04	2.91622179e-05
1.79262600e+00	6.75581556e-04	2.94797844e-05
1.79778800e+00	7.08823848e-04	2.91265093e-05
1.80295000e+00	6.33916082e-04	2.89421373e-05
1.80811200e+00	6.62486480e-04	2.92673440e-05
1.81327300e+00	6.45141612e-04	2.90764706e-05
1.81843500e+00	6.09607493e-04	2.89323268e-05
1.82359700e+00	6.43207678e-04	2.91334501e-05
1.82875900e+00	6.12269140e-04	2.90082458e-05
1.83392000e+00	6.22276433e-04	2.89638118e-05
1.83908200e+00	5.76835637e-04	2.91000013e-05
1.84424400e+00	5.74748898e-04	2.89458857e-05
1.84940600e+00	5.53307043e-04	2.86683323e-05
1.85456800e+00	5.42708701e-04	2.90089183e-05
1.85972900e+00	6.08831535e-04	2.89590769e-05
1.86489100e+00	5.85455746e-04	2.86935579e-05
1.87005300e+00	5.29308102e-04	2.90149086e-05
1.87521500e+00	5.55144486e-04	2.88141619e-05
1.88037600e+00	5.21419652e-04	2.87174653e-05
1.88553800e+00	5.67073516e-04	2.89146608e-05
1.89070000e+00	5.34357886e-04	2.87165865e-05
1.89586200e+00	5.44397462e-04	2.85955789e-05
1.90102300e+00	4.86939037e-04	2.87730100e-05
1.90618500e+00	5.14367512e-04	2.86987501e-05
1.91134700e+00	4.97742286e-04	2.85106207e-05
1.91650900e+00	5.29412573e-04	2.87682393e-05
1.92167000e+00	4.91405933e-04	2.85454057e-05
1.92683200e+00	4.88961300e-04	2.87106769e-05
1.93199400e+00	4.98659035e-04	2.87273385e-05
1.93715600e+00	4.68021984e-04	2.84740960e-05
1.94231700e+00	4.67029012e-04	2.84269269e-05
1.94747900e+00	4.88076835e-04	2.86354215e-05
1.95264100e+00	4.78982255e-04	2.85087554e-05
1.95780300e+00	4.50894309e-04	2.83920792e-05
1.96296400e+00	5.26566017e-04	2.85425271e-05
1.96812600e+00	4.63080707e-04	2.84491036e-05
1.97328800e+00	4.68391894e-04	2.83898104e-05
1.97845000e+00	4.19951825e-04	2.85228613e-05
1.98361100e+00	4.71435557e-04	2.84093506e-05
1.98877300e+00	4.24828716e-04	2.82411739e-05
1.99393500e+00	4.18367624e-04	2.83867435e-05
1.99909700e+00	4.24016618e-04	2.82277764e-05
2.00425900e+00	4.27381856e-04	2.82246378e-05
2.00942000e+00	4.46383203e-04	2.84193852e-05
2.01458200e+00	4.19843228e-04	2.83222940e-05
2.01974400e+00	4.34671186e-04	2.82156703e-05
2.02490600e+00	4.17752453e-04	2.82967456e-05
2.03006700e+00	4.00013552e-04	2.82125675e-05
2.03522900e+00	4.31426561e-04	2.79950965e-05
2.04039100e+00	4.14741074e-04	2.82581763e-05
2.04555300e+00	4.16670972e-04	2.80499866e-05
2.05071400e+00	3.75439704e-04	2.80368223e-05
2.05587600e+00	4.36858362e-04	2.82471821e-05
2.06103800e+00	4.00962494e-04	2.80545241e-05
2.06620000e+00	3.89841526e-04	2.81160592e-05
2.07136200e+00	3.91433618e-04	2.81447911e-05
2.07652300e+00	3.65689689e-04	2.79506266e-05
2.08168500e+00	4.04745887e-04	2.79103535e-05
2.08684700e+00	3.87682418e-04	2.80576897e-05
2.09200800e+00	3.79327568e-04	2.79950516e-05
2.09717000e+00	3.90138978e-04	2.78566829e-05
2.10233200e+00	3.95655252e-04	2.80060548e-05
2.10749400e+00	3.89781175e-04	2.79709380e-05
2.11265500e+00	3.59863856e-04	2.86119266e-05
2.11781700e+00	3.43359333e-04	2.89189025e-05
2.12297900e+00	3.63285410e-04	2.89038370e-05
2.12814100e+00	3.26882878e-04	2.91853810e-05
2.13330200e+00	3.55433189e-04	2.94742066e-05
2.13846400e+00	3.77309251e-04	2.94770403e-05
2.14362600e+00	3.49442444e-04	2.98235001e-05
2.14878800e+00	3.37609814e-04	2.99359975e-05
2.15394900e+00	3.12436847e-04	2.99121170e-05
2.15911100e+00	3.61817877e-04	3.01466533e-05
2.16427300e+00	3.51541200e-04	3.02491967e-05
2.16943500e+00	2.68174113e-04	3.01788108e-05
2.17459700e+00	3.73107793e-04	3.00593725e-05
2.17975800e+00	3.23027118e-04	2.96976859e-05
2.18492000e+00	3.30002854e-04	2.92940403e-05
2.19008200e+00	3.37971653e-04	2.91156945e-05
2.19524400e+00	3.11061858e-04	2.92649407e-05
2.20040500e+00	3.17687772e-04	2.90789815e-05
2.20556700e+00	3.27433752e-04	2.87848113e-05
2.21072900e+00	3.25519906e-04	2.88340250e-05
2.21589100e+00	3.67225644e-04	2.86706280e-05
2.22105200e+00	2.85124949e-04	2.84237345e-05
2.22621400e+00	2.80022794e-04	2.86547824e-05
2.23137600e+00	2.90830169e-04	2.83806277e-05
2.23653800e+00	2.88389661e-04	2.84947930e-05
2.24169900e+00	2.88807816e-04	2.85296408e-05
2.24686100e+00	3.27904098e-04	2.84316976e-05
2.25202300e+00	2.96060917e-04	2.81401370e-05
2.25718500e+00	2.76569047e-04	2.83921150e-05
2.26234700e+00	2.91662443e-04	2.81255648e-05
2.26750800e+00	2.71101018e-04	2.81087148e-05
2.27267000e+00	2.57093319e-04	2.82580149e-05
2.27783200e+00	3.01597279e-04	2.81183908e-05
2.28299400e+00	2.69122875e-04	2.81430962e-05
2.28815500e+00	3.09051522e-04	2.83646206e-05
2.29331700e+00	3.09875726e-04	2.80414047e-05
2.29847900e+00	2.82390934e-04	2.80463099e-05
2.30364100e+00	3.19573460e-04	2.81912787e-05
2.30880200e+00	2.73734597e-04	2.79190430e-05
2.31396400e+00	2.96957579e-04	2.78651572e-05
2.31912600e+00	2.70887950e-04	2.80953712e-05
2.32428800e+00	2.57776822e-04	2.77902068e-05
2.32944900e+00	2.74486343e-04	2.80001810e-05
2.33461100e+00	2.72315309e-04	2.80137668e-05
2.33977300e+00	2.83564961e-04	2.78152082e-05
2.34493500e+00	3.11580449e-04	2.78173963e-05
2.35009600e+00	2.58279362e-04	2.78717753e-05
2.35525800e+00	2.47982597e-04	2.76383868e-05
2.36042000e+00	2.71852944e-04	2.77689538e-05
2.36558200e+00	2.40854054e-04	2.78035773e-05
2.37074400e+00	2.21659726e-04	2.77213632e-05
2.37590500e+00	2.28096695e-04	2.76682666e-05
2.38106700e+00	2.63859933e-04	2.79285396e-05
2.38622900e+00	2.61998457e-04	2.75266696e-05
2.39139100e+00	2.60836537e-04	2.76023016e-05
2.39655200e+00	2.39515295e-04	2.77615825e-05
2.40171400e+00	2.79106046e-04	2.75306781e-05
2.40687600e+00	2.25298383e-04	2.75873976e-05
2.41203800e+00	2.23911289e-04	2.76470136e-05
2.41719900e+00	2.07724305e-04	2.74109887e-05
2.42236100e+00	2.21374291e-04	2.76064894e-05
2.42752300e+00	2.35743829e-04	2.76131254e-05
2.43268500e+00	2.46555328e-04	2.74309593e-05
2.43784600e+00	2.68089639e-04	2.73203720e-05
2.44300800e+00	2.15484071e-04	2.74095449e-05
2.44817000e+00	2.76472557e-04	2.71270325e-05
2.45333200e+00	2.31353426e-04	2.73162111e-05
2.45849300e+00	2.80231827e-04	2.72411710e-05
2.46365500e+00	2.35997161e-04	2.71126038e-05
2.46881700e+00	1.92353544e-04	2.71117698e-05
2.47397900e+00	2.50475386e-04	2.72068702e-05
2.47914100e+00	2.70711021e-04	2.69554930e-05
2.48430200e+00	2.37175223e-04	2.71064790e-05
2.48946400e+00	2.21346133e-04	2.70537500e-05
2.49462600e+00	2.50181879e-04	2.69326438e-05
2.49978800e+00	2.17023972e-04	2.70495173e-05
2.50494900e+00	3.06216982e-04	2.70679635e-05
2.51011100e+00	1.86121662e-04	2.68965316e-05
2.51527300e+00	9.86775865e-05	2.69705225e-05
2.52043500e+00	2.04033457e-04	2.70968837e-05
2.52559600e+00	2.27244333e-04	2.68631994e-05
2.53075800e+00	2.51657483e-04	2.69084405e-05
2.53592000e+00	2.03301619e-04	2.70151269e-05
2.54108200e+00	2.50684419e-04	2.68517120e-05
2.54624300e+00	2.29230547e-04	2.69163677e-05
2.55140500e+00	1.83303174e-04	2.68754580e-05
2.55656700e+00	2.63031694e-04	2.68483671e-05
2.56172900e+00	2.45735070e-04	2.69071312e-05
2.56689000e+00	2.23963480e-04	2.69320250e-05
2.57205200e+00	2.31301145e-04	2.70329095e-05
2.57721400e+00	2.36375142e-04	2.75110751e-05
2.58237600e+00	2.44283679e-04	2.78598395e-05
2.58753800e+00	2.12392253e-04	2.80104309e-05
2.59269900e+00	2.11025246e-04	2.80850047e-05
2.59786100e+00	1.97869818e-04	2.81441365e-05
2.60302300e+00	1.76978837e-04	2.75558319e-05
2.60818500e+00	1.61600006e-04	2.75339243e-05
2.61334600e+00	1.87979103e-04	2.74927724e-05
2.61850800e+00	2.37649694e-04	2.72518692e-05
2.62367000e+00	1.86837270e-04	2.72180617e-05
2.62883200e+00	2.15773542e-04	2.72392071e-05
2.63399300e+00	2.23746466e-04	2.70075673e-05
2.63915500e+00	2.14177415e-04	2.71511103e-05
2.64431700e+00	2.27654417e-04	2.71536391e-05
2.64947900e+00	2.12870670e-04	2.71149533e-05
2.65464000e+00	2.02883553e-04	2.71501597e-05
2.65980200e+00	1.79676623e-04	2.71625618e-05
2.66496400e+00	2.04242490e-04	2.70368911e-05
2.67012600e+00	2.12134975e-04	2.71151595e-05
2.67528700e+00	2.21816568e-04	2.70857012e-05
2.68044900e+00	1.66887160e-04	2.69090233e-05
2.68561100e+00	2.07270011e-04	2.70385770e-05
2.69077300e+00	2.12142956e-04	2.69305633e-05
2.69593500e+00	2.22962437e-04	2.69368137e-05
2.70109600e+00	2.03474602e-04	2.70481184e-05
2.70625800e+00	2.07623779e-04	2.70133065e-05
2.71142000e+00	2.40809934e-04	2.68936889e-05
2.71658100e+00	2.08749650e-04	2.68908552e-05
2.72174300e+00	2.05203448e-04	2.68948367e-05
2.72690500e+00	2.02557853e-04	2.67850206e-05
2.73206700e+00	2.06083968e-04	2.69831667e-05
2.73722800e+00	1.64740069e-04	2.68378303e-05
2.74239000e+00	1.44946622e-04	2.67663503e-05
2.74755200e+00	2.06831769e-04	2.68751620e-05
2.75271400e+00	2.76203173e-04	2.68491204e-05
2.75787500e+00	2.08166583e-04	2.67632116e-05
2.76303700e+00	2.01838211e-04	2.67216921e-05
2.76819900e+00	1.57888981e-04	2.67151278e-05
2.77336100e+00	2.00358572e-04	2.65829288e-05
2.77852200e+00	1.90596540e-04	2.67301395e-05
2.78368400e+00	2.07274046e-04	2.67074696e-05
2.78884600e+00	1.60510363e-04	2.65652897e-05
2.79400800e+00	1.27879297e-04	2.66937852e-05
2.79917000e+00	2.27582139e-04	2.66999548e-05
2.80433100e+00	1.66774528e-04	2.64578051e-05
2.80949300e+00	1.50165354e-04	2.66401236e-05
2.81465500e+00	1.77392867e-04	2.64822954e-05
2.81981700e+00	1.67236893e-04	2.63698518e-05
2.82497800e+00	1.93977919e-04	2.65695941e-05
2.83014000e+00	2.09670345e-04	2.64686289e-05
2.83530200e+00	1.74795607e-04	2.64001351e-05
2.84046400e+00	1.99827874e-04	2.65664824e-05
2.84562500e+00	2.07406676e-04	2.66087642e-05
2.85078700e+00	1.68929600e-04	2.64170926e-05
2.85594900e+00	1.51427890e-04	2.65462068e-05
2.86111100e+00	1.69741698e-04	2.64675438e-05
2.86627200e+00	1.99550419e-04	2.63716274e-05
2.87143400e+00	1.90367420e-04	2.65791086e-05
2.87659600e+00	2.28719937e-04	2.63682466e-05
2.88175800e+00	1.57209513e-04	2.63979918e-05
2.88691900e+00	1.48846681e-04	2.63921809e-05
2.89208100e+00	1.86817183e-04	2.63771782e-05
2.89724300e+00	1.26737375e-04	2.61470809e-05
2.90240500e+00	1.94987123e-04	2.62740788e-05
2.90756700e+00	1.80516879e-04	2.62440376e-05
2.91272800e+00	1.86379030e-04	2.61384273e-05
2.91789000e+00	2.08576667e-04	2.63874191e-05
2.92305200e+00	1.81546259e-04	2.62371506e-05
2.92821400e+00	1.59360549e-04	2.64595897e-05
2.93337500e+00	1.69918627e-04	2.70141943e-05
2.93853700e+00	1.58620730e-04	2.72424354e-05
2.94369900e+00	1.73710090e-04	2.74371290e-05
2.94886100e+00	1.72616502e-04	2.76856456e-05
2.95402200e+00	1.79061542e-04	2.77229146e-05
2.95918400e+00	1.81144156e-04	2.80010868e-05
2.96434600e+00	1.62094564e-04	2.81767782e-05
2.96950800e+00	1.74136226e-04	2.80414047e-05
2.97466900e+00	1.72234486e-04	2.83665487e-05
2.97983100e+00	1.56710919e-04	2.86155585e-05
2.98499300e+00	1.82543357e-04	2.85603545e-05
2.99015500e+00	1.55090669e-04	2.85962783e-05
2.99531700e+00	1.47153974e-04	2.85192743e-05
3.00047800e+00	1.60659134e-04	2.79509404e-05
3.00564000e+00	2.27887662e-04	2.76194654e-05
3.01080200e+00	1.71197214e-04	2.77426341e-05
3.01596400e+00	1.97411489e-04	2.73146956e-05
3.02112500e+00	1.95316768e-04	2.72681632e-05
3.02628700e+00	1.84227904e-04	2.73680074e-05
3.03144900e+00	1.47765110e-04	2.71702200e-05
3.03661100e+00	1.57084864e-04	2.69787726e-05
3.04177200e+00	1.44206892e-04	2.71414433e-05
3.04693400e+00	1.84525446e-04	2.70022137e-05
3.05209600e+00	1.69596962e-04	2.69065932e-05
3.05725800e+00	1.69058194e-04	2.69881885e-05
3.06241900e+00	1.79025313e-04	2.68976077e-05
3.06758100e+00	1.96004307e-04	2.68774039e-05
3.07274300e+00	1.52175690e-04	2.70784914e-05
3.07790500e+00	1.25060719e-04	2.68285668e-05
3.08306600e+00	2.00748569e-04	2.67517781e-05
3.08822800e+00	2.11531820e-04	2.70266322e-05
3.09339000e+00	2.31349390e-04	2.68337680e-05
3.09855200e+00	1.74345349e-04	2.67640546e-05
3.10371400e+00	1.45694512e-04	2.68718979e-05
3.10887500e+00	1.72290713e-04	2.66127099e-05
3.11403700e+00	1.66107166e-04	2.67385599e-05
3.11919900e+00	1.16070700e-04	2.68943973e-05
3.12436100e+00	1.40861741e-04	2.66110689e-05
3.12952200e+00	1.48629578e-04	2.66027111e-05
3.13468400e+00	1.82828793e-04	2.67390890e-05
3.13984600e+00	9.19511467e-05	2.64062240e-05
3.14500800e+00	1.79411275e-04	2.65428709e-05
3.15016900e+00	2.05135026e-04	2.64657055e-05
3.15533100e+00	1.71241335e-04	2.63914007e-05
3.16049300e+00	1.91292150e-04	2.63490023e-05
3.16565500e+00	1.49409572e-04	2.64844117e-05
3.17081600e+00	1.89502952e-04	2.62836740e-05
3.17597800e+00	1.88562170e-04	2.63277852e-05
3.18114000e+00	1.21446274e-04	2.63292738e-05
3.18630200e+00	1.25257825e-04	2.61993794e-05
3.19146300e+00	1.40487796e-04	2.62821137e-05
3.19662500e+00	1.35534412e-04	2.63508586e-05
3.20178700e+00	1.51315347e-04	2.61937299e-05
3.20694900e+00	1.57808542e-04	2.63355511e-05
3.21211100e+00	1.61881496e-04	2.63635387e-05
3.21727200e+00	1.74168420e-04	2.61814982e-05
3.22243400e+00	1.41135161e-04	2.63536744e-05
3.22759600e+00	1.66392512e-04	2.64104567e-05
3.23275800e+00	1.49039662e-04	2.62294654e-05
3.23791900e+00	1.59195637e-04	2.63584003e-05
3.24308100e+00	1.57836700e-04	2.62695143e-05
3.24824300e+00	1.53426120e-04	2.62881398e-05
3.25340500e+00	1.73870878e-04	2.63717798e-05
3.25856600e+00	1.68973810e-04	2.64930833e-05
3.26372800e+00	1.05375958e-04	2.61919812e-05
3.26889000e+00	1.72869745e-04	2.63997405e-05
3.27405200e+00	9.96908255e-05	2.63737616e-05
3.27921300e+00	2.16465117e-04	2.62906687e-05
3.28437500e+00	1.35128364e-04	2.63504999e-05
3.28953700e+00	2.02799079e-04	2.63765057e-05
3.29469900e+00	1.28056137e-04	2.62020966e-05
3.29986000e+00	1.52171655e-04	2.64283558e-05
3.30502200e+00	2.10985071e-04	2.64372157e-05
3.31018400e+00	1.45630215e-04	2.62159245e-05
3.31534600e+00	1.85136581e-04	2.64391796e-05
3.32050700e+00	1.22636353e-04	2.62897450e-05
3.32566900e+00	1.67088122e-04	2.63863610e-05
3.33083100e+00	2.13698999e-04	2.63090521e-05
3.33599300e+00	1.52601916e-04	2.63346992e-05
3.34115400e+00	1.66002515e-04	2.61652939e-05
3.34631600e+00	1.33427586e-04	2.63781647e-05
3.35147800e+00	1.88694800e-04	2.62073784e-05
3.35664000e+00	1.93037137e-04	2.62679181e-05
3.36180100e+00	1.56192238e-04	2.63875716e-05
3.36696300e+00	1.55078563e-04	2.61709165e-05
3.37212500e+00	1.48605366e-04	2.61535016e-05
3.37728700e+00	1.70015117e-04	2.63062363e-05
3.38244800e+00	1.10256884e-04	2.62860145e-05
3.38761000e+00	1.29644283e-04	2.62534983e-05
3.39277200e+00	1.46546874e-04	2.63697173e-05
3.39793400e+00	1.42313133e-04	2.63037792e-05
3.40309500e+00	1.70762918e-04	2.62733345e-05
3.40825700e+00	1.87898754e-04	2.65932325e-05
3.41341900e+00	1.81401524e-04	2.62778362e-05
3.41858100e+00	1.65536205e-04	2.62232151e-05
3.42374300e+00	1.57056796e-04	2.64059640e-05
3.42890400e+00	1.37186945e-04	2.63086754e-05
3.43406600e+00	1.50760438e-04	2.62306402e-05
3.43922800e+00	1.39748066e-04	2.64924825e-05
3.44439000e+00	1.52521478e-04	2.63051871e-05
3.44955100e+00	1.58061874e-04	2.62432485e-05
3.45471300e+00	1.02782644e-04	2.64858107e-05
3.45987500e+00	1.61905618e-04	2.63277942e-05
3.46503700e+00	1.29789018e-04	2.62000789e-05
3.47019800e+00	1.15664652e-04	2.64267686e-05
3.47536000e+00	1.62894645e-04	2.63189612e-05
3.48052200e+00	1.59481162e-04	2.62686176e-05
3.48568400e+00	1.46172929e-04	2.64364714e-05
3.49084500e+00	1.46088544e-04	2.62701510e-05
3.49600700e+00	1.73565355e-04	2.62723481e-05
3.50116900e+00	1.39354034e-04	2.65377326e-05
3.50633100e+00	1.48862733e-04	2.63656550e-05
3.51149200e+00	1.33182414e-04	2.61942590e-05
3.51665400e+00	9.63175171e-05	2.65337599e-05
3.52181600e+00	1.79905833e-04	2.62960581e-05
3.52697800e+00	1.56429519e-04	2.63186473e-05
3.53214000e+00	1.52320426e-04	2.64829680e-05
3.53730100e+00	1.91263992e-04	2.63894996e-05
3.54246300e+00	1.52167709e-04	2.63235705e-05
3.54762500e+00	1.42007610e-04	2.65429068e-05
3.55278700e+00	1.66826809e-04	2.64069952e-05
3.55794800e+00	1.90029703e-04	2.62520456e-05
3.56311000e+00	1.40069731e-04	2.65494531e-05
3.56827200e+00	1.54226201e-04	2.63593688e-05
3.57343400e+00	1.65725150e-04	2.62116290e-05
3.57859500e+00	1.64921033e-04	2.65140583e-05
3.58375700e+00	1.91416798e-04	2.62910901e-05
3.58891900e+00	1.24481866e-04	2.63624088e-05
3.59408100e+00	1.81188366e-04	2.64483982e-05
3.59924200e+00	1.67437855e-04	2.63616196e-05
3.60440400e+00	1.32301894e-04	2.62469969e-05
3.60956600e+00	1.50241847e-04	2.65974741e-05
3.61472800e+00	1.14916851e-04	2.62444501e-05
3.61988900e+00	1.21357855e-04	2.63904143e-05
3.62505100e+00	1.69046178e-04	2.64401750e-05
3.63021300e+00	1.53538752e-04	2.63416400e-05
3.63537500e+00	1.06172004e-04	2.63956424e-05
3.64053700e+00	1.78434264e-04	2.66336670e-05
3.64569800e+00	1.71804315e-04	2.63487602e-05
3.65086000e+00	1.37001946e-04	2.64449995e-05
3.65602200e+00	1.44158646e-04	2.65037278e-05
3.66118400e+00	1.64796385e-04	2.63306010e-05
3.66634500e+00	1.11820908e-04	2.65185152e-05
3.67150700e+00	1.51102190e-04	2.64995041e-05
3.67666900e+00	1.47692742e-04	2.63709817e-05
3.68183100e+00	1.66742424e-04	2.64538594e-05
3.68699200e+00	1.29527705e-04	2.65196092e-05
3.69215400e+00	8.93216395e-05	2.63449042e-05
3.69731600e+00	1.33331185e-04	2.64897026e-05
3.70247800e+00	1.32579349e-04	2.64577693e-05
3.70763900e+00	1.77533657e-04	2.64576527e-05
3.71280100e+00	1.11402842e-04	2.64483623e-05
3.71796300e+00	1.35996867e-04	2.64775964e-05
3.72312500e+00	1.87693757e-04	2.62632550e-05
3.72828700e+00	1.23167140e-04	2.65528876e-05
3.73344800e+00	1.38212201e-04	2.65357059e-05
3.73861000e+00	1.58950375e-04	2.64184467e-05
3.74377200e+00	1.26435887e-04	2.65059607e-05
3.74893400e+00	1.44584783e-04	2.69289043e-05
3.75409500e+00	1.76858135e-04	2.72953527e-05
3.75925700e+00	1.14695712e-04	2.77854630e-05
3.76441900e+00	1.72218435e-04	2.77702989e-05
3.76958100e+00	1.35196696e-04	2.81267126e-05
3.77474200e+00	1.38513688e-04	2.82604271e-05
3.77990400e+00	1.59376601e-04	2.82738156e-05
3.78506600e+00	1.21096452e-04	2.84022663e-05
3.79022800e+00	1.53619101e-04	2.86402102e-05
3.79538900e+00	1.16026491e-04	2.83637060e-05
3.80055100e+00	1.30428312e-04	2.86056673e-05
3.80571300e+00	1.32768205e-04	2.86067703e-05
3.81087500e+00	1.27416843e-04	2.86078375e-05
3.81603600e+00	1.40519989e-04	2.77875345e-05
3.82119800e+00	1.71478615e-04	2.77666581e-05
3.82636000e+00	1.36628090e-04	2.74622649e-05
3.83152200e+00	1.78675490e-04	2.72552769e-05
3.83668400e+00	1.31827513e-04	2.75622796e-05
3.84184500e+00	1.39185086e-04	2.73312586e-05
3.84700700e+00	1.67550487e-04	2.72156943e-05
3.85216900e+00	1.21369871e-04	2.73877629e-05
3.85733100e+00	8.63906446e-05	2.72295580e-05
3.86249200e+00	8.15015939e-05	2.70553821e-05
3.86765400e+00	1.26070012e-04	2.73743475e-05
3.87281600e+00	1.44279259e-04	2.73094227e-05
3.87797800e+00	1.70083450e-04	2.72019560e-05
3.88313900e+00	1.57462845e-04	2.74808366e-05
3.88830100e+00	1.38702724e-04	2.72629261e-05
3.89346300e+00	8.50880062e-05	2.71466713e-05
3.89862500e+00	1.36238093e-04	2.74333716e-05
3.90378600e+00	1.17554375e-04	2.71442501e-05
3.90894800e+00	1.36740632e-04	2.71329510e-05
3.91411000e+00	1.65423573e-04	2.73487990e-05
3.91927200e+00	1.69810030e-04	2.72252716e-05
3.92443300e+00	9.55174359e-05	2.70296543e-05
3.92959500e+00	1.47684672e-04	2.74308428e-05
3.93475700e+00	1.25700013e-04	2.73202823e-05
3.93991900e+00	1.54917776e-04	2.71435686e-05
3.94508000e+00	9.30849987e-05	2.73893680e-05
3.95024200e+00	1.38626320e-04	2.72402563e-05
3.95540400e+00	1.24276779e-04	2.71542848e-05
3.96056600e+00	1.30114718e-04	2.74961801e-05
3.96572700e+00	1.30058402e-04	2.73154937e-05
3.97088900e+00	1.40447622e-04	2.73734417e-05
3.97605100e+00	1.45569864e-04	2.75635261e-05
3.98121300e+00	1.93933709e-04	2.72730056e-05
3.98637400e+00	1.69560823e-04	2.73534621e-05
3.99153600e+00	1.46771958e-04	2.75917020e-05
3.99669800e+00	1.48653701e-04	2.72920795e-05
4.00186000e+00	1.03956670e-04	2.73876463e-05
4.00702100e+00	1.23894763e-04	2.75651940e-05
4.01218300e+00	1.12017924e-04	2.72866900e-05
4.01734500e+00	2.17100375e-04	2.76233035e-05
4.02250700e+00	1.10654952e-04	2.75600556e-05
4.02766800e+00	1.22893720e-04	2.74639419e-05
4.03283000e+00	1.32514962e-04	2.75269834e-05
4.03799200e+00	1.03015889e-04	2.76021581e-05
4.04315400e+00	1.03377728e-04	2.73270618e-05
4.04831600e+00	1.02006685e-04	2.75764213e-05
4.05347700e+00	1.33061801e-04	2.76103813e-05
4.05863900e+00	1.22246356e-04	2.75049234e-05
4.06380100e+00	1.58186523e-04	2.76551202e-05
4.06896300e+00	1.46667487e-04	2.75236655e-05
4.07412400e+00	9.65346205e-05	2.75984455e-05
4.07928600e+00	7.35488291e-05	2.77080195e-05
4.08444800e+00	9.77206635e-05	2.75163839e-05
4.08961000e+00	1.35494238e-04	2.76675402e-05
4.09477100e+00	1.45352760e-04	2.77774819e-05
4.09993300e+00	1.05902620e-04	2.75219975e-05
4.10509500e+00	1.33053730e-04	2.76261551e-05
4.11025700e+00	7.53581230e-05	2.77920272e-05
4.11541800e+00	1.35795815e-04	2.77748634e-05
4.12058000e+00	1.34231792e-04	2.77286000e-05
4.12574200e+00	1.30894712e-04	2.78526386e-05
4.13090400e+00	1.35904322e-04	2.76473902e-05
4.13606500e+00	1.31907862e-04	2.78591849e-05
4.14122700e+00	1.60916502e-04	2.79184511e-05
4.14638900e+00	1.06980156e-04	2.77845483e-05
4.15155100e+00	1.20979874e-04	2.78031110e-05
4.15671300e+00	1.82426690e-04	2.80499686e-05
4.16187400e+00	1.79724868e-04	2.78098367e-05
4.16703600e+00	1.30946903e-04	2.79496401e-05
4.17219800e+00	1.33696970e-04	2.81351779e-05
4.17736000e+00	1.55388211e-04	2.78724388e-05
4.18252100e+00	1.64362178e-04	2.79645800e-05
4.18768300e+00	1.41484983e-04	2.82016631e-05
4.19284500e+00	1.43869175e-04	2.78821507e-05
4.19800700e+00	1.24582302e-04	2.80833726e-05
4.20316800e+00	9.17662366e-05	2.81936730e-05
4.20833000e+00	1.30528838e-04	2.79901554e-05
4.21349200e+00	1.71353967e-04	2.81000701e-05
4.21865400e+00	1.10076009e-04	2.81909648e-05
4.22381500e+00	9.42469190e-05	2.79582938e-05
4.22897700e+00	1.05870426e-04	2.81052982e-05
4.23413900e+00	1.27682191e-04	2.83145999e-05
4.23930100e+00	1.15664652e-04	2.79229439e-05
4.24446200e+00	1.22857492e-04	2.81569869e-05
4.24962400e+00	5.79690265e-05	2.82404924e-05
4.25478600e+00	1.41103057e-04	2.79823267e-05
4.25994800e+00	8.60368495e-05	2.82115273e-05
4.26511000e+00	1.20352687e-04	2.83803497e-05
4.27027100e+00	9.76965409e-05	2.80865561e-05
4.27543300e+00	1.77368834e-04	2.89590321e-05
4.28059500e+00	1.72544045e-04	2.93140648e-05
4.28575700e+00	1.02199666e-04	2.97159617e-05
4.29091800e+00	1.19797777e-04	2.98311493e-05
4.29608000e+00	1.71655544e-04	3.00676854e-05
4.30124200e+00	1.46341877e-04	3.00839255e-05
4.30640400e+00	1.28976831e-04	3.01144061e-05
4.31156500e+00	1.54845408e-04	3.01852136e-05
4.31672700e+00	8.36244547e-05	3.04341068e-05
4.32188900e+00	9.71538271e-05	3.05448466e-05
4.32705100e+00	1.43812859e-04	3.06236800e-05
4.33221200e+00	1.01057833e-04	3.06292309e-05
4.33737400e+00	8.41753019e-05	3.08194856e-05
4.34253600e+00	7.93022941e-05	3.08303273e-05
4.34769800e+00	1.83624928e-04	3.09300101e-05
4.35285900e+00	1.12986953e-04	3.10455565e-05
4.35802100e+00	1.25213526e-04	3.12423395e-05
4.36318300e+00	1.17083939e-04	3.12614941e-05
4.36834500e+00	1.26017732e-04	3.13477616e-05
4.37350700e+00	1.26138345e-04	3.14524752e-05
4.37866800e+00	1.14727816e-04	3.14085254e-05
4.38383000e+00	7.20652622e-05	3.15410652e-05
4.38899200e+00	9.40740254e-05	3.15304208e-05
4.39415400e+00	1.08801457e-04	3.17514968e-05
4.39931500e+00	1.24268709e-04	3.16607456e-05
4.40447700e+00	1.23935028e-04	3.19777023e-05
4.40963900e+00	9.23009693e-05	3.18619407e-05
4.41480100e+00	1.89482865e-04	3.20331484e-05
4.41996200e+00	1.47258535e-04	3.22434006e-05
4.42512400e+00	1.12126520e-04	3.22790913e-05
4.43028600e+00	1.08250673e-04	3.22902828e-05
4.43544800e+00	1.89410497e-04	3.21745750e-05
4.44060900e+00	1.28703412e-04	3.23577992e-05
4.44577100e+00	1.37874395e-04	3.24996293e-05
4.45093300e+00	9.88143410e-05	3.26882340e-05
4.45609500e+00	9.12234332e-05	3.26489832e-05
4.46125700e+00	1.31276639e-04	3.26757692e-05
4.46641800e+00	1.30729800e-04	3.28511378e-05
4.47158000e+00	1.28848147e-04	3.29504888e-05
4.47674200e+00	1.17683059e-04	3.28304049e-05
4.48190400e+00	1.31248481e-04	3.28530120e-05
4.48706500e+00	7.82650132e-05	3.27025551e-05
4.49222700e+00	9.64260240e-05	3.28706690e-05
4.49738900e+00	1.99582613e-04	3.28470755e-05
4.50255100e+00	1.54061378e-04	3.29665855e-05
4.50771200e+00	1.61278341e-04	3.28967645e-05
4.51287400e+00	1.11157581e-04	3.30073967e-05
4.51803600e+00	1.23026350e-04	3.31295162e-05
4.52319800e+00	1.38095623e-04	3.29050325e-05
4.52835900e+00	1.43229881e-04	3.29548291e-05
4.53352100e+00	1.29865421e-04	3.29261331e-05
4.53868300e+00	1.08174270e-04	3.30230181e-05
4.54384500e+00	1.30203138e-04	3.30042401e-05
4.54900600e+00	9.68240918e-05	3.30274301e-05
4.55416800e+00	1.33037589e-04	3.28723011e-05
4.55933000e+00	9.97752097e-05	3.29250032e-05
4.56449200e+00	1.01596601e-04	3.30475083e-05
4.56965400e+00	1.37440277e-04	3.31202617e-05
4.57481500e+00	1.42361468e-04	3.29056154e-05
4.57997700e+00	5.15963729e-05	3.30444594e-05
4.58513900e+00	9.03268615e-05	3.28711174e-05
4.59030100e+00	1.53373839e-04	3.30958880e-05
4.59546200e+00	7.73844754e-05	3.29806645e-05
4.60062400e+00	1.05480429e-04	3.32071210e-05
4.60578600e+00	1.07623485e-04	3.32191734e-05
4.61094800e+00	8.70621139e-05	3.33039433e-05
4.61610900e+00	9.18988661e-05	3.35180695e-05
4.62127100e+00	1.00048629e-04	3.33934390e-05
4.62643300e+00	7.82609778e-05	3.34619239e-05
4.63159500e+00	1.04965874e-04	3.36505196e-05
4.63675600e+00	1.31397252e-04	3.37464181e-05
4.64191800e+00	1.36012919e-04	3.38122755e-05
4.64708000e+00	1.53864362e-04	3.39036276e-05
4.65224200e+00	1.26484042e-04	3.39998310e-05
4.65740300e+00	9.46449868e-05	3.39980285e-05
4.66256500e+00	1.32064703e-04	3.43656068e-05
4.66772700e+00	9.39252544e-05	3.44091620e-05
4.67288900e+00	1.02191595e-04	3.42613236e-05
4.67805100e+00	8.59845958e-05	3.44122289e-05
4.68321200e+00	1.34267931e-04	3.45213455e-05
4.68837400e+00	1.37432207e-04	3.48055798e-05
4.69353600e+00	9.50108612e-05	3.47990424e-05
4.69869800e+00	1.25322122e-04	3.49251436e-05
4.70385900e+00	1.32334087e-04	3.50424745e-05
4.70902100e+00	4.26304319e-05	3.52507180e-05
4.71418300e+00	8.27922070e-05	3.53271032e-05
4.71934500e+00	5.97461270e-05	3.54668709e-05
4.72450600e+00	6.05864365e-05	3.55483676e-05
4.72966800e+00	1.32265665e-04	3.55713155e-05
4.73483000e+00	9.18425501e-05	3.57991171e-05
4.73999200e+00	9.98516129e-05	3.57255477e-05
4.74515300e+00	1.32450665e-04	3.59050144e-05
4.75031500e+00	7.21617705e-05	3.62189670e-05
4.75547700e+00	1.36808965e-04	3.61201002e-05
4.76063900e+00	1.84252116e-04	3.64736622e-05
4.76580000e+00	1.24626602e-04	3.67069520e-05
4.77096200e+00	1.31425410e-04	3.64329049e-05
4.77612400e+00	1.23074595e-04	3.66863536e-05
4.78128600e+00	1.73295971e-04	3.66770095e-05
4.78644800e+00	1.53064281e-04	3.68058457e-05
4.79160900e+00	1.21820220e-04	3.70046285e-05
4.79677100e+00	1.66931280e-04	3.71465304e-05
4.80193300e+00	8.17026006e-05	3.71788044e-05
4.80709500e+00	1.13497563e-04	3.74680784e-05
4.81225600e+00	9.79177693e-05	3.74460901e-05
4.81741800e+00	7.16229756e-05	3.77917427e-05
4.82258000e+00	1.28659202e-04	3.75829163e-05
4.82774200e+00	1.14727816e-04	3.78411448e-05
4.83290300e+00	1.42614710e-04	3.78034633e-05
4.83806500e+00	1.19452080e-04	3.79148129e-05
4.84322700e+00	9.69768982e-05	3.81960968e-05
4.84838800e+00	1.07892779e-04	3.82763918e-05
4.85355000e+00	1.08926106e-04	3.85351673e-05
4.85871200e+00	2.45779370e-05	3.84411878e-05
4.86387300e+00	9.57465557e-05	3.88241363e-05
4.86903500e+00	6.50734199e-05	3.88203969e-05
4.87419700e+00	5.36750239e-05	3.87578844e-05
4.87935900e+00	9.13319401e-05	3.89212814e-05
4.88452100e+00	6.03049912e-05	3.90175655e-05
4.88968200e+00	1.46104596e-04	3.90319943e-05
4.89484400e+00	1.20465229e-04	3.89533940e-05
4.90000600e+00	9.32256989e-05	3.91572166e-05
4.90516800e+00	5.92556131e-05	3.92995758e-05
4.91032900e+00	1.01861949e-04	3.95039005e-05
4.91549100e+00	8.44487124e-05	4.02015908e-05
4.92065300e+00	7.93867860e-05	3.97972009e-05
4.92581500e+00	1.38545882e-04	4.01720607e-05
4.93097600e+00	7.22984443e-05	4.02692865e-05
4.93613800e+00	1.28229030e-04	4.03948944e-05
4.94130000e+00	1.24538093e-04	4.06997808e-05
4.94646200e+00	1.52557706e-04	4.10411649e-05
4.95162300e+00	1.20211897e-04	4.10461957e-05
4.95678500e+00	9.54691010e-05	4.13823159e-05
4.96194700e+00	1.42948481e-04	4.15159587e-05
4.96710900e+00	5.16566794e-05	4.20849921e-05
4.97227000e+00	1.29487441e-04	4.18910787e-05
4.97743200e+00	1.98730251e-04	4.21174814e-05
4.98259400e+00	1.63441484e-04	4.23019879e-05
4.98775600e+00	3.30292325e-05	4.25809761e-05
4.99291800e+00	4.61203090e-05	4.26156356e-05
4.99807900e+00	1.50386582e-04	4.29163341e-05
5.00324100e+00	7.13495741e-05	4.32826928e-05
5.00840300e+00	1.04234035e-04	4.33243020e-05
5.01356500e+00	1.68981881e-04	4.36999510e-05
5.01872600e+00	1.02561505e-04	4.41256477e-05
5.02388800e+00	1.22539862e-04	4.39496245e-05
5.02905000e+00	5.97421006e-05	4.40349862e-05
5.03421200e+00	9.73427726e-05	4.42855115e-05
5.03937300e+00	5.69317097e-05	4.45391306e-05
5.04453500e+00	4.10141548e-05	4.47460649e-05
5.04969700e+00	1.43873211e-04	4.43824503e-05
5.05485900e+00	1.10610742e-04	4.50248648e-05
5.06002000e+00	1.27055004e-04	4.55801868e-05
5.06518200e+00	3.62698397e-05	4.61759165e-05
5.07034400e+00	8.24866301e-05	4.66786531e-05
5.07550600e+00	6.61469206e-05	4.70029989e-05
5.08066700e+00	9.82796084e-05	4.75091880e-05
5.08582900e+00	1.53426120e-04	4.77899876e-05
5.09099100e+00	8.78662216e-05	4.84806832e-05
5.09615300e+00	1.35687219e-04	4.87714547e-05
5.10131500e+00	3.09304764e-05	4.92318915e-05
5.10647600e+00	1.37822204e-04	4.99706440e-05
5.11163800e+00	1.12005907e-04	5.06904481e-05
5.11680000e+00	9.44478809e-05	5.17417901e-05
5.12196200e+00	1.28522537e-04	5.18335905e-05
5.12712300e+00	8.90924927e-05	5.22783072e-05
5.13228500e+00	1.82571515e-04	5.30645337e-05
5.13744700e+00	1.93093364e-04	5.34493027e-05
5.14260900e+00	1.35027838e-04	5.47941961e-05
5.14777000e+00	7.99094304e-05	5.60540505e-05
5.15293200e+00	1.24875899e-04	5.68889258e-05
5.15809400e+00	9.49063000e-05	5.81147216e-05
5.16325600e+00	1.50760438e-04	5.88848783e-05
5.16841700e+00	-3.49108763e-05	6.16818089e-05
5.17357900e+00	1.48609401e-04	6.46490953e-05
5.17874100e+00	1.32145052e-04	6.49267922e-05
5.18390300e+00	9.59918171e-05	6.63029194e-05
5.18906500e+00	6.00557123e-05	6.66523116e-05
5.19422600e+00	1.57068812e-04	7.11737213e-05
5.19938800e+00	1.05299465e-04	7.48359180e-05
5.20455000e+00	2.18483434e-04	7.89486424e-05
5.20971200e+00	-5.95571636e-05	1.13235532e-04
