q[nm-1]	merged(TipAS_1.96mgml-1_40deg_sub_ave_cm-1_divconc_nm-1.dat_00001_[493]TipAS_NaP_40deg_1-2_ave_sub_cm-1_divconc.dat_00001_[TipAS_NaP_40deg_1-2_ave_sub.dat],scale_high,lq=0.9124,hq=1.0031)	error
1.14692100e-01	1.84456600e-02	2.32252000e-03
1.27435600e-01	1.35451400e-02	1.65288900e-03
1.40179000e-01	1.79944300e-02	1.56339700e-03
1.52922400e-01	1.65754600e-02	1.33691000e-03
1.65665800e-01	1.57127400e-02	1.20152900e-03
1.78409200e-01	1.23411700e-02	1.19097300e-03
1.91152500e-01	1.51031900e-02	1.04560800e-03
2.03895700e-01	1.30780100e-02	1.03543400e-03
2.16639000e-01	1.52350400e-02	9.14932700e-04
2.29382100e-01	1.58714700e-02	9.06264800e-04
2.42125300e-01	1.48907300e-02	8.33029600e-04
2.54868300e-01	1.52180800e-02	7.76058200e-04
2.67611300e-01	1.46428200e-02	7.39629100e-04
2.80354300e-01	1.29301600e-02	6.74549000e-04
2.93097200e-01	1.31890500e-02	6.54534200e-04
3.05840000e-01	1.23733000e-02	6.03137800e-04
3.18582800e-01	1.36562300e-02	5.79038300e-04
3.31325500e-01	1.24419700e-02	5.56348000e-04
3.44068100e-01	1.24866100e-02	5.17708700e-04
3.56810600e-01	1.24279800e-02	5.08207900e-04
3.69553100e-01	1.16838600e-02	4.77208800e-04
3.82295500e-01	1.08664700e-02	4.70180900e-04
3.95037800e-01	1.02834200e-02	4.56440200e-04
4.07780000e-01	1.00170800e-02	4.39067300e-04
4.20522100e-01	1.08596000e-02	4.46636100e-04
4.33264100e-01	9.56808200e-03	4.11723000e-04
4.46006100e-01	1.02175500e-02	4.22491800e-04
4.58747900e-01	9.91268900e-03	4.05814400e-04
4.71489600e-01	9.19940300e-03	3.92623800e-04
4.84231300e-01	8.15400500e-03	3.90884000e-04
4.96972800e-01	1.01142100e-02	3.81093100e-04
5.09714200e-01	8.16756600e-03	3.72999700e-04
5.22455500e-01	8.26685700e-03	3.60124500e-04
5.35196700e-01	7.93020900e-03	3.59963000e-04
5.47937800e-01	7.19983700e-03	3.50450800e-04
5.60678700e-01	7.49584700e-03	3.39149000e-04
5.73419600e-01	7.24890800e-03	3.41915800e-04
5.86160300e-01	6.48242300e-03	3.28718500e-04
5.98900800e-01	6.67451500e-03	3.30189900e-04
6.11641300e-01	7.16578600e-03	3.27353100e-04
6.24381600e-01	6.24756100e-03	3.10389100e-04
6.37121700e-01	6.68355600e-03	3.21746600e-04
6.49861800e-01	6.43238800e-03	3.01589300e-04
6.62601700e-01	5.36292900e-03	3.04116200e-04
6.75341400e-01	6.36998000e-03	2.97119200e-04
6.88081000e-01	5.91790300e-03	2.95300900e-04
7.00820400e-01	6.28072400e-03	2.99144600e-04
7.13559700e-01	5.12158700e-03	2.78972200e-04
7.26298800e-01	5.80877000e-03	2.87623900e-04
7.39037800e-01	5.53375000e-03	2.76322900e-04
7.51776600e-01	5.48073000e-03	2.81545200e-04
7.64515300e-01	4.63123700e-03	2.71159500e-04
7.77253700e-01	4.77326300e-03	2.67345100e-04
7.89992000e-01	5.11079600e-03	2.70486500e-04
8.02730200e-01	4.24514600e-03	2.58801500e-04
8.15468100e-01	4.44032300e-03	2.62100400e-04
8.28205900e-01	4.39577600e-03	2.57323400e-04
8.40943500e-01	3.62771200e-03	2.50176600e-04
8.53680900e-01	4.09594400e-03	2.58428300e-04
8.66418100e-01	3.71032100e-03	2.44214200e-04
8.79155100e-01	3.67769800e-03	2.48121900e-04
8.91892000e-01	3.66079900e-03	2.34608700e-04
9.04628600e-01	3.38032300e-03	2.43542700e-04
9.30101300e-01	3.34709252e-03	2.35477577e-04
9.42837300e-01	3.53580254e-03	2.33294509e-04
9.55573100e-01	2.93020870e-03	2.27842409e-04
9.68308700e-01	3.00747662e-03	2.31155841e-04
9.81044100e-01	2.67535712e-03	2.25447796e-04
9.93779300e-01	3.06033309e-03	2.27786928e-04
1.01320100e+00	2.79780855e-03	2.75320483e-05
1.01836200e+00	2.79786293e-03	2.76534372e-05
1.02352400e+00	2.76034399e-03	2.78466132e-05
1.02868600e+00	2.67394739e-03	2.74605248e-05
1.03384800e+00	2.67835726e-03	2.75717643e-05
1.03900900e+00	2.67999748e-03	2.75849618e-05
1.04417100e+00	2.61250904e-03	2.73669314e-05
1.04933300e+00	2.54595398e-03	2.73834818e-05
1.05449500e+00	2.53455158e-03	2.75435240e-05
1.05965600e+00	2.51001183e-03	2.73489475e-05
1.06481800e+00	2.55361050e-03	2.74082538e-05
1.06998000e+00	2.46381567e-03	2.75188178e-05
1.07514200e+00	2.46633489e-03	2.71736895e-05
1.08030300e+00	2.42457167e-03	2.73395725e-05
1.08546500e+00	2.41770107e-03	2.74347724e-05
1.09062700e+00	2.33721039e-03	2.70787697e-05
1.09578900e+00	2.32373692e-03	2.72261911e-05
1.10095000e+00	2.38904720e-03	2.73703337e-05
1.10611200e+00	2.30143794e-03	2.70014795e-05
1.11127400e+00	2.33421583e-03	2.75399486e-05
1.11643600e+00	2.29381108e-03	2.78445783e-05
1.12159800e+00	2.17433837e-03	2.78918982e-05
1.12675900e+00	2.18308479e-03	2.81054141e-05
1.13192100e+00	2.18501664e-03	2.83459512e-05
1.13708300e+00	2.16063176e-03	2.82350082e-05
1.14224500e+00	2.11764189e-03	2.81579405e-05
1.14740600e+00	2.09777068e-03	2.83766300e-05
1.15256800e+00	2.08461438e-03	2.83362466e-05
1.15773000e+00	2.08507902e-03	2.84195506e-05
1.16289200e+00	2.08351377e-03	2.82979805e-05
1.16805300e+00	2.03534952e-03	2.82126252e-05
1.17321500e+00	2.01462073e-03	2.83382897e-05
1.17837700e+00	2.05947242e-03	2.78676534e-05
1.18353900e+00	1.93524549e-03	2.74036158e-05
1.18870000e+00	2.01424425e-03	2.78031735e-05
1.19386200e+00	1.90813462e-03	2.77071745e-05
1.19902400e+00	1.89687638e-03	2.74490244e-05
1.20418600e+00	1.90220975e-03	2.78885288e-05
1.20934700e+00	1.88841417e-03	2.77491313e-05
1.21450900e+00	1.81166195e-03	2.75390424e-05
1.21967100e+00	1.84227074e-03	2.77296481e-05
1.22483300e+00	1.80766563e-03	2.76187876e-05
1.22999500e+00	1.79062341e-03	2.73478518e-05
1.23515600e+00	1.72598207e-03	2.77746613e-05
1.24031800e+00	1.75649776e-03	2.75524624e-05
1.24548000e+00	1.72382121e-03	2.74310570e-05
1.25064200e+00	1.74084449e-03	2.75768308e-05
1.25580300e+00	1.69114053e-03	2.74681863e-05
1.26096500e+00	1.70014152e-03	2.73805078e-05
1.26612700e+00	1.66253032e-03	2.76326688e-05
1.27128900e+00	1.59951766e-03	2.73350827e-05
1.27645000e+00	1.62997074e-03	2.72135538e-05
1.28161200e+00	1.66453960e-03	2.74222340e-05
1.28677400e+00	1.56055705e-03	2.72342809e-05
1.29193600e+00	1.57434604e-03	2.77929747e-05
1.29709700e+00	1.57231369e-03	2.80511413e-05
1.30225900e+00	1.56616805e-03	2.79355438e-05
1.30742100e+00	1.48560322e-03	2.82108293e-05
1.31258300e+00	1.51579433e-03	2.84582451e-05
1.31774400e+00	1.43433731e-03	2.83419721e-05
1.32290600e+00	1.43799669e-03	2.85174856e-05
1.32806800e+00	1.49449793e-03	2.89107329e-05
1.33323000e+00	1.52781377e-03	2.87029919e-05
1.33839100e+00	1.40243514e-03	2.90682707e-05
1.34355300e+00	1.44427992e-03	2.90178780e-05
1.34871500e+00	1.44978299e-03	2.90015912e-05
1.35387700e+00	1.39018751e-03	2.90678917e-05
1.35903800e+00	1.36910036e-03	2.86292523e-05
1.36420000e+00	1.38076144e-03	2.83931804e-05
1.36936200e+00	1.31425828e-03	2.80072403e-05
1.37452400e+00	1.33818182e-03	2.81458551e-05
1.37968600e+00	1.33545170e-03	2.81501225e-05
1.38484700e+00	1.29232590e-03	2.78319410e-05
1.39000900e+00	1.27927257e-03	2.79672442e-05
1.39517100e+00	1.27424566e-03	2.75792940e-05
1.40033300e+00	1.27180800e-03	2.76950809e-05
1.40549400e+00	1.25539352e-03	2.76880620e-05
1.41065600e+00	1.26760820e-03	2.75603792e-05
1.41581800e+00	1.22449310e-03	2.73493512e-05
1.42098000e+00	1.24857893e-03	2.76672525e-05
1.42614100e+00	1.19941293e-03	2.74188975e-05
1.43130300e+00	1.23433685e-03	2.73077980e-05
1.43646500e+00	1.12163836e-03	2.73856814e-05
1.44162700e+00	1.15851142e-03	2.71955617e-05
1.44678800e+00	1.15696677e-03	2.71357529e-05
1.45195000e+00	1.15107156e-03	2.73082099e-05
1.45711200e+00	1.10515385e-03	2.69693343e-05
1.46227400e+00	1.19116573e-03	2.69349401e-05
1.46743500e+00	1.08420346e-03	2.70038603e-05
1.47259700e+00	1.12635799e-03	2.70798736e-05
1.47775900e+00	1.10883959e-03	2.67962264e-05
1.48292100e+00	1.04488202e-03	2.69015921e-05
1.48808300e+00	1.08749130e-03	2.67929147e-05
1.49324400e+00	1.04201515e-03	2.66792449e-05
1.49840600e+00	9.97655273e-04	2.68658634e-05
1.50356800e+00	1.04808336e-03	2.66456169e-05
1.50873000e+00	1.04283896e-03	2.66083393e-05
1.51389100e+00	1.04164608e-03	2.67729702e-05
1.51905300e+00	9.67785448e-04	2.67253538e-05
1.52421500e+00	9.23849834e-04	2.66182168e-05
1.52937700e+00	1.00933118e-03	2.66379554e-05
1.53453800e+00	9.71268531e-04	2.65966329e-05
1.53970000e+00	1.00413045e-03	2.64144878e-05
1.54486200e+00	9.41247125e-04	2.65952489e-05
1.55002400e+00	9.46876241e-04	2.64602424e-05
1.55518500e+00	9.66141940e-04	2.63808433e-05
1.56034700e+00	9.25213245e-04	2.65822821e-05
1.56550900e+00	9.00340673e-04	2.64407262e-05
1.57067100e+00	9.12363405e-04	2.61360389e-05
1.57583200e+00	8.40245960e-04	2.63618626e-05
1.58099400e+00	8.93023562e-04	2.63342072e-05
1.58615600e+00	8.54913133e-04	2.61634883e-05
1.59131800e+00	9.05814088e-04	2.63070378e-05
1.59648000e+00	8.38986349e-04	2.61571532e-05
1.60164100e+00	8.51230687e-04	2.60297917e-05
1.60680300e+00	8.44083282e-04	2.62223745e-05
1.61196500e+00	8.13944153e-04	2.60839244e-05
1.61712700e+00	8.56428126e-04	2.59968062e-05
1.62228800e+00	8.02623228e-04	2.60467705e-05
1.62745000e+00	8.07332639e-04	2.60370083e-05
1.63261200e+00	7.85558923e-04	2.58446231e-05
1.63777400e+00	8.15358394e-04	2.60758016e-05
1.64293500e+00	7.68162044e-04	2.58495578e-05
1.64809700e+00	7.82762900e-04	2.58818513e-05
1.65325900e+00	7.73018918e-04	2.59362477e-05
1.65842100e+00	7.94275527e-04	2.59397489e-05
1.66358200e+00	7.56771094e-04	2.57027872e-05
1.66874400e+00	7.67655646e-04	2.58898093e-05
1.67390600e+00	7.34830803e-04	2.57976823e-05
1.67906800e+00	7.77178187e-04	2.56129833e-05
1.68422900e+00	7.35972608e-04	2.57614262e-05
1.68939100e+00	7.59389915e-04	2.57136698e-05
1.69455300e+00	7.09459741e-04	2.55911358e-05
1.69971500e+00	7.57398511e-04	2.59764415e-05
1.70487600e+00	7.47507725e-04	2.54947084e-05
1.71003800e+00	7.45468705e-04	2.55284765e-05
1.71520000e+00	6.71811141e-04	2.55792317e-05
1.72036200e+00	7.35721345e-04	2.55330652e-05
1.72552300e+00	7.08521582e-04	2.54081174e-05
1.73068500e+00	7.05655453e-04	2.55071974e-05
1.73584700e+00	6.90567394e-04	2.54154246e-05
1.74100900e+00	6.40773890e-04	2.52454554e-05
1.74617100e+00	6.91464526e-04	2.56566207e-05
1.75133200e+00	6.38897573e-04	2.53195575e-05
1.75649400e+00	6.43954057e-04	2.51449008e-05
1.76165600e+00	6.50214709e-04	2.53214852e-05
1.76681800e+00	6.33250085e-04	2.51422316e-05
1.77197900e+00	6.10689709e-04	2.50824063e-05
1.77714100e+00	5.82803133e-04	2.51969081e-05
1.78230300e+00	5.79851904e-04	2.50761865e-05
1.78746500e+00	6.02633968e-04	2.49029056e-05
1.79262600e+00	6.29467876e-04	2.51973530e-05
1.79778800e+00	5.94995571e-04	2.48901365e-05
1.80295000e+00	5.87826417e-04	2.47164684e-05
1.80811200e+00	5.65269749e-04	2.49704995e-05
1.81327300e+00	5.50609908e-04	2.48155320e-05
1.81843500e+00	5.75065054e-04	2.47422291e-05
1.82359700e+00	6.37915011e-04	2.49177507e-05
1.82875900e+00	5.94884768e-04	2.47818462e-05
1.83392000e+00	5.24802719e-04	2.47621736e-05
1.83908200e+00	5.63053526e-04	2.48372724e-05
1.84424400e+00	5.32130786e-04	2.47179678e-05
1.84940600e+00	5.67903233e-04	2.45206480e-05
1.85456800e+00	5.47677132e-04	2.47893841e-05
1.85972900e+00	5.48404806e-04	2.47137828e-05
1.86489100e+00	5.43787744e-04	2.45087274e-05
1.87005300e+00	5.14855996e-04	2.47684675e-05
1.87521500e+00	5.34446690e-04	2.46201976e-05
1.88037600e+00	5.32478023e-04	2.45400076e-05
1.88553800e+00	5.40611367e-04	2.47319643e-05
1.89070000e+00	5.43761959e-04	2.45399335e-05
1.89586200e+00	4.88406233e-04	2.43965652e-05
1.90102300e+00	4.98367784e-04	2.46047593e-05
1.90618500e+00	5.22782399e-04	2.45419436e-05
1.91134700e+00	5.20573590e-04	2.43610589e-05
1.91650900e+00	5.06656170e-04	2.45628190e-05
1.92167000e+00	5.15014827e-04	2.43795288e-05
1.92683200e+00	4.69875457e-04	2.44938411e-05
1.93199400e+00	4.96402824e-04	2.45067008e-05
1.93715600e+00	4.57018120e-04	2.42813879e-05
1.94231700e+00	4.76176806e-04	2.42592438e-05
1.94747900e+00	4.74145282e-04	2.44421221e-05
1.95264100e+00	4.75138801e-04	2.43449863e-05
1.95780300e+00	4.72967064e-04	2.42411858e-05
1.96296400e+00	5.22438869e-04	2.43997534e-05
1.96812600e+00	4.49217267e-04	2.42814043e-05
1.97328800e+00	4.02585806e-04	2.41762199e-05
1.97845000e+00	4.38047923e-04	2.43366163e-05
1.98361100e+00	4.06338523e-04	2.42294629e-05
1.98877300e+00	4.37364652e-04	2.41135771e-05
1.99393500e+00	4.52046571e-04	2.42486495e-05
1.99909700e+00	4.25537740e-04	2.41127038e-05
2.00425900e+00	4.22268931e-04	2.40804021e-05
2.00942000e+00	4.17563227e-04	2.42398100e-05
2.01458200e+00	4.07140011e-04	2.41704367e-05
2.01974400e+00	4.14047027e-04	2.40850155e-05
2.02490600e+00	4.24636488e-04	2.41362567e-05
2.03006700e+00	4.63529953e-04	2.40987155e-05
2.03522900e+00	3.55958052e-04	2.39177731e-05
2.04039100e+00	3.71892086e-04	2.41188577e-05
2.04555300e+00	3.70920645e-04	2.39538644e-05
2.05071400e+00	3.93093334e-04	2.39452803e-05
2.05587600e+00	3.92192000e-04	2.40903785e-05
2.06103800e+00	4.20266982e-04	2.39540868e-05
2.06620000e+00	3.76379809e-04	2.39865286e-05
2.07136200e+00	4.18737902e-04	2.40435612e-05
2.07652300e+00	3.80941428e-04	2.38410267e-05
2.08168500e+00	4.15967665e-04	2.38296581e-05
2.08684700e+00	3.54428890e-04	2.39666912e-05
2.09200800e+00	3.48275334e-04	2.38969554e-05
2.09717000e+00	3.64250146e-04	2.38246905e-05
2.10233200e+00	3.81765077e-04	2.39293477e-05
2.10749400e+00	4.17555895e-04	2.39245366e-05
2.11265500e+00	3.94858849e-04	2.44262554e-05
2.11781700e+00	3.71570798e-04	2.46903288e-05
2.12297900e+00	3.50990128e-04	2.46740338e-05
2.12814100e+00	4.02615381e-04	2.49553249e-05
2.13330200e+00	3.54890555e-04	2.51048717e-05
2.13846400e+00	3.64035872e-04	2.51298580e-05
2.14362600e+00	3.67792214e-04	2.54662457e-05
2.14878800e+00	3.59858397e-04	2.55402900e-05
2.15394900e+00	3.42276984e-04	2.55146365e-05
2.15911100e+00	3.33139082e-04	2.56645375e-05
2.16427300e+00	3.60870451e-04	2.58038526e-05
2.16943500e+00	3.72014010e-04	2.57906139e-05
2.17459700e+00	3.77805583e-04	2.56779657e-05
2.17975800e+00	3.69975154e-04	2.54114538e-05
2.18492000e+00	3.51200613e-04	2.50492313e-05
2.19008200e+00	3.15660975e-04	2.48491353e-05
2.19524400e+00	3.46022287e-04	2.49928496e-05
2.20040500e+00	3.37346049e-04	2.48304183e-05
2.20556700e+00	3.06046579e-04	2.45743277e-05
2.21072900e+00	2.97972467e-04	2.46118276e-05
2.21589100e+00	2.97137697e-04	2.44477735e-05
2.22105200e+00	3.04270025e-04	2.42916938e-05
2.22621400e+00	3.72257776e-04	2.44853723e-05
2.23137600e+00	3.45582700e-04	2.42493910e-05
2.23653800e+00	3.41671234e-04	2.43273402e-05
2.24169900e+00	3.40175354e-04	2.43703927e-05
2.24686100e+00	3.25914403e-04	2.42520766e-05
2.25202300e+00	2.96480293e-04	2.40208898e-05
2.25718500e+00	3.36345116e-04	2.42696650e-05
2.26234700e+00	3.02633767e-04	2.40003439e-05
2.26750800e+00	3.16359074e-04	2.39825001e-05
2.27267000e+00	3.14379369e-04	2.41740862e-05
2.27783200e+00	3.09374538e-04	2.39862814e-05
2.28299400e+00	3.12532544e-04	2.40319042e-05
2.28815500e+00	2.92240044e-04	2.42212907e-05
2.29331700e+00	2.75563508e-04	2.39053335e-05
2.29847900e+00	2.94216042e-04	2.39495641e-05
2.30364100e+00	2.65709052e-04	2.40557372e-05
2.30880200e+00	2.90792109e-04	2.38224991e-05
2.31396400e+00	3.39392319e-04	2.38228204e-05
2.31912600e+00	2.66488297e-04	2.39909607e-05
2.32428800e+00	2.51895020e-04	2.37212689e-05
2.32944900e+00	2.71024049e-04	2.38864106e-05
2.33461100e+00	2.91855900e-04	2.39196349e-05
2.33977300e+00	2.65140127e-04	2.37394423e-05
2.34493500e+00	2.72290991e-04	2.37430670e-05
2.35009600e+00	2.64612062e-04	2.38238749e-05
2.35525800e+00	3.07690251e-04	2.36037520e-05
2.36042000e+00	3.13862261e-04	2.37140935e-05
2.36558200e+00	2.49217133e-04	2.37430011e-05
2.37074400e+00	2.65771744e-04	2.36941160e-05
2.37590500e+00	3.14962958e-04	2.36397773e-05
2.38106700e+00	2.19694298e-04	2.38090957e-05
2.38622900e+00	2.47108088e-04	2.34931797e-05
2.39139100e+00	3.17042428e-04	2.36158620e-05
2.39655200e+00	2.79120404e-04	2.37008795e-05
2.40171400e+00	2.68179998e-04	2.34771318e-05
2.40687600e+00	2.76065787e-04	2.35494956e-05
2.41203800e+00	2.91087611e-04	2.36023432e-05
2.41719900e+00	2.89041341e-04	2.34313772e-05
2.42236100e+00	2.26642011e-04	2.35342633e-05
2.42752300e+00	2.98290129e-04	2.35679243e-05
2.43268500e+00	2.77473107e-04	2.34070995e-05
2.43784600e+00	2.79401160e-04	2.33024257e-05
2.44300800e+00	2.33467716e-04	2.33783731e-05
2.44817000e+00	2.86237904e-04	2.31983781e-05
2.45333200e+00	2.42398759e-04	2.33099801e-05
2.45849300e+00	2.53254230e-04	2.32338680e-05
2.46365500e+00	2.60161246e-04	2.31216234e-05
2.46881700e+00	2.47939151e-04	2.31512478e-05
2.47397900e+00	2.53826698e-04	2.32009814e-05
2.47914100e+00	2.58872143e-04	2.30089917e-05
2.48430200e+00	2.65066313e-04	2.31191273e-05
2.48946400e+00	3.03040072e-04	2.31158567e-05
2.49462600e+00	2.61236075e-04	2.29690202e-05
2.49978800e+00	2.59064256e-04	2.30657359e-05
2.50494900e+00	2.57978305e-04	2.30821957e-05
2.51011100e+00	2.68730305e-04	2.29703136e-05
2.51527300e+00	2.55281964e-04	2.30377675e-05
2.52043500e+00	2.65103302e-04	2.31331733e-05
2.52559600e+00	2.62152073e-04	2.29565477e-05
2.53075800e+00	2.31742816e-04	2.29965356e-05
2.53592000e+00	2.40341532e-04	2.30237874e-05
2.54108200e+00	2.45464498e-04	2.29056360e-05
2.54624300e+00	2.10947954e-04	2.29655520e-05
2.55140500e+00	2.55440795e-04	2.29487627e-05
2.55656700e+00	2.21770143e-04	2.29193772e-05
2.56172900e+00	2.95800565e-04	2.29907689e-05
2.56689000e+00	2.21227168e-04	2.29831404e-05
2.57205200e+00	1.94127333e-04	2.30568964e-05
2.57721400e+00	2.20196660e-04	2.34732599e-05
2.58237600e+00	2.27480405e-04	2.37496740e-05
2.58753800e+00	1.95028585e-04	2.38870202e-05
2.59269900e+00	2.72723082e-04	2.39970405e-05
2.59786100e+00	2.34235922e-04	2.40542213e-05
2.60302300e+00	2.36256407e-04	2.35016156e-05
2.60818500e+00	2.35122428e-04	2.35142693e-05
2.61334600e+00	2.60726382e-04	2.34737707e-05
2.61850800e+00	2.31853619e-04	2.32627344e-05
2.62367000e+00	2.37804023e-04	2.32710714e-05
2.62883200e+00	2.53235694e-04	2.32695556e-05
2.63399300e+00	2.85432709e-04	2.30746578e-05
2.63915500e+00	2.17581629e-04	2.31727246e-05
2.64431700e+00	2.20425597e-04	2.31836978e-05
2.64947900e+00	2.45926163e-04	2.31417245e-05
2.65464000e+00	2.19978761e-04	2.31771402e-05
2.65980200e+00	1.93647215e-04	2.31825609e-05
2.66496400e+00	2.14955477e-04	2.30676554e-05
2.67012600e+00	2.11139985e-04	2.31323330e-05
2.67528700e+00	2.19221512e-04	2.31317151e-05
2.68044900e+00	2.60914706e-04	2.29719613e-05
2.68561100e+00	2.02567219e-04	2.30961264e-05
2.69077300e+00	1.84708675e-04	2.30065449e-05
2.69593500e+00	1.74026864e-04	2.29607492e-05
2.70109600e+00	2.26630889e-04	2.30709671e-05
2.70625800e+00	2.22486696e-04	2.30443250e-05
2.71142000e+00	1.83881319e-04	2.29204317e-05
2.71658100e+00	2.55581173e-04	2.29765664e-05
2.72174300e+00	2.73284593e-04	2.29936358e-05
2.72690500e+00	1.87652490e-04	2.28558695e-05
2.73206700e+00	2.16998040e-04	2.29904064e-05
2.73722800e+00	2.30823111e-04	2.29283239e-05
2.74239000e+00	2.06342014e-04	2.28618751e-05
2.74755200e+00	2.13884355e-04	2.29309848e-05
2.75271400e+00	2.51448019e-04	2.29430454e-05
2.75787500e+00	2.23314052e-04	2.28472359e-05
2.76303700e+00	1.88923057e-04	2.28303313e-05
2.76819900e+00	2.26176556e-04	2.28110870e-05
2.77336100e+00	2.44999044e-04	2.26894427e-05
2.77852200e+00	2.16026599e-04	2.28151896e-05
2.78368400e+00	2.02663193e-04	2.27888440e-05
2.78884600e+00	1.98677831e-04	2.26783459e-05
2.79400800e+00	2.23192127e-04	2.27941659e-05
2.79917000e+00	2.02009497e-04	2.27941247e-05
2.80433100e+00	2.11498262e-04	2.25757070e-05
2.80949300e+00	1.97167205e-04	2.27136875e-05
2.81465500e+00	1.91567663e-04	2.26058668e-05
2.81981700e+00	1.95807912e-04	2.24947838e-05
2.82497800e+00	1.91058052e-04	2.26597854e-05
2.83014000e+00	2.37512145e-04	2.25806170e-05
2.83530200e+00	2.17936198e-04	2.25662167e-05
2.84046400e+00	2.05787999e-04	2.26968158e-05
2.84562500e+00	2.36322806e-04	2.26970053e-05
2.85078700e+00	1.83368001e-04	2.25299442e-05
2.85594900e+00	1.83039217e-04	2.26323524e-05
2.86111100e+00	2.18988867e-04	2.25879242e-05
2.86627200e+00	2.09212015e-04	2.25021158e-05
2.87143400e+00	2.44083046e-04	2.26980845e-05
2.87659600e+00	2.25290133e-04	2.25207916e-05
2.88175800e+00	2.06973632e-04	2.25165655e-05
2.88691900e+00	2.00557938e-04	2.25331159e-05
2.89208100e+00	1.81443656e-04	2.25398712e-05
2.89724300e+00	2.40921332e-04	2.23305978e-05
2.90240500e+00	1.88871404e-04	2.24597471e-05
2.90756700e+00	1.90396859e-04	2.24191331e-05
2.91272800e+00	2.08262652e-04	2.23317018e-05
2.91789000e+00	1.99468280e-04	2.25448717e-05
2.92305200e+00	1.53006690e-04	2.23590606e-05
2.92821400e+00	2.25821987e-04	2.26135365e-05
2.93337500e+00	1.96572494e-04	2.30467800e-05
2.93853700e+00	2.01222755e-04	2.32636653e-05
2.94369900e+00	1.63791972e-04	2.33946928e-05
2.94886100e+00	1.96247417e-04	2.36139837e-05
2.95402200e+00	1.84919242e-04	2.36302705e-05
2.95918400e+00	1.91896447e-04	2.38785679e-05
2.96434600e+00	2.36754979e-04	2.41008080e-05
2.96950800e+00	1.92324912e-04	2.39364572e-05
2.97466900e+00	2.00698233e-04	2.42052593e-05
2.97983100e+00	2.26911562e-04	2.44379618e-05
2.98499300e+00	2.01255955e-04	2.43579037e-05
2.99015500e+00	1.64224144e-04	2.44090460e-05
2.99531700e+00	1.88878818e-04	2.43093316e-05
3.00047800e+00	2.37357021e-04	2.38820691e-05
3.00564000e+00	1.90869563e-04	2.35351448e-05
3.01080200e+00	1.97935410e-04	2.36493171e-05
3.01596400e+00	1.85033752e-04	2.33225186e-05
3.02112500e+00	1.98009307e-04	2.32716398e-05
3.02628700e+00	1.87135382e-04	2.33606529e-05
3.03144900e+00	1.67230651e-04	2.31739438e-05
3.03661100e+00	2.03649380e-04	2.30346864e-05
3.04177200e+00	1.79345650e-04	2.31556140e-05
3.04693400e+00	1.83246077e-04	2.30781755e-05
3.05209600e+00	1.18730205e-04	2.29930921e-05
3.05725800e+00	1.61272915e-04	2.30346040e-05
3.06241900e+00	1.86027353e-04	2.29468102e-05
3.06758100e+00	1.61838051e-04	2.28917136e-05
3.07274300e+00	2.12698722e-04	2.31504651e-05
3.07790500e+00	2.15657283e-04	2.29102247e-05
3.08306600e+00	1.69369270e-04	2.28221755e-05
3.08822800e+00	1.80811956e-04	2.30301390e-05
3.09339000e+00	1.72966781e-04	2.28662248e-05
3.09855200e+00	1.79345650e-04	2.28313281e-05
3.10371400e+00	1.80239488e-04	2.29372622e-05
3.10887500e+00	1.90197414e-04	2.27213902e-05
3.11403700e+00	1.84416963e-04	2.27949814e-05
3.11919900e+00	1.89602703e-04	2.29405245e-05
3.12436100e+00	2.40064484e-04	2.27524315e-05
3.12952200e+00	1.82821319e-04	2.27392340e-05
3.13468400e+00	1.89285041e-04	2.28290708e-05
3.13984600e+00	1.71083132e-04	2.25472360e-05
3.14500800e+00	1.98648256e-04	2.26789556e-05
3.15016900e+00	1.71888245e-04	2.25935755e-05
3.15533100e+00	2.00580016e-04	2.25275469e-05
3.16049300e+00	1.75581812e-04	2.25205610e-05
3.16565500e+00	1.94112587e-04	2.26489111e-05
3.17081600e+00	1.87586008e-04	2.24430237e-05
3.17597800e+00	1.60999656e-04	2.25020087e-05
3.18114000e+00	2.01640099e-04	2.25134432e-05
3.18630200e+00	1.70976036e-04	2.23872021e-05
3.19146300e+00	2.00694526e-04	2.24834729e-05
3.19662500e+00	1.74270630e-04	2.24772860e-05
3.20178700e+00	1.30634637e-04	2.23692100e-05
3.20694900e+00	1.88136398e-04	2.25091182e-05
3.21211100e+00	2.07328201e-04	2.25546751e-05
3.21727200e+00	1.82289465e-04	2.23953496e-05
3.22243400e+00	1.40049588e-04	2.25023712e-05
3.22759600e+00	1.69775575e-04	2.25383965e-05
3.23275800e+00	1.83456561e-04	2.24201299e-05
3.23791900e+00	2.16846540e-04	2.25439243e-05
3.24308100e+00	1.63237875e-04	2.24824926e-05
3.24824300e+00	1.88572195e-04	2.24806390e-05
3.25340500e+00	2.00188540e-04	2.25463875e-05
3.25856600e+00	1.73579945e-04	2.26203165e-05
3.26372800e+00	2.04428707e-04	2.23945752e-05
3.26889000e+00	1.63215714e-04	2.25558778e-05
3.27405200e+00	1.45135730e-04	2.25227358e-05
3.27921300e+00	1.92358112e-04	2.24696493e-05
3.28437500e+00	2.10711520e-04	2.25347470e-05
3.28953700e+00	1.81388213e-04	2.25336596e-05
3.29469900e+00	1.46805187e-04	2.23887673e-05
3.29986000e+00	1.89506647e-04	2.26133718e-05
3.30502200e+00	1.59437212e-04	2.25966154e-05
3.31018400e+00	2.03708447e-04	2.24364908e-05
3.31534600e+00	1.68793095e-04	2.25915984e-05
3.32050700e+00	1.44714596e-04	2.24449431e-05
3.32566900e+00	1.86636728e-04	2.25503995e-05
3.33083100e+00	1.86995004e-04	2.24898492e-05
3.33599300e+00	1.75840407e-04	2.25049415e-05
3.34115400e+00	1.35081664e-04	2.23445121e-05
3.34631600e+00	1.38690296e-04	2.25011602e-05
3.35147800e+00	1.77317834e-04	2.24021213e-05
3.35664000e+00	1.76859876e-04	2.24394071e-05
3.36180100e+00	1.90045915e-04	2.25485212e-05
3.36696300e+00	1.84483362e-04	2.24132922e-05
3.37212500e+00	2.01835837e-04	2.23979281e-05
3.37728700e+00	1.38527840e-04	2.24768082e-05
3.38244800e+00	1.14907381e-04	2.24740320e-05
3.38761000e+00	1.90755136e-04	2.24784559e-05
3.39277200e+00	1.44869720e-04	2.25463710e-05
3.39793400e+00	1.26671436e-04	2.24592857e-05
3.40309500e+00	1.64253719e-04	2.24638908e-05
3.40825700e+00	1.82891508e-04	2.27464012e-05
3.41341900e+00	1.55466679e-04	2.24680593e-05
3.41858100e+00	1.50195921e-04	2.24340441e-05
3.42374300e+00	1.85968203e-04	2.25719834e-05
3.42890400e+00	2.11764189e-04	2.25039776e-05
3.43406600e+00	1.72645494e-04	2.24048234e-05
3.43922800e+00	1.63485348e-04	2.26607658e-05
3.44439000e+00	1.31077931e-04	2.24743945e-05
3.44955100e+00	1.63455856e-04	2.24536838e-05
3.45471300e+00	2.01015896e-04	2.26446767e-05
3.45987500e+00	1.50997409e-04	2.24966374e-05
3.46503700e+00	1.66414417e-04	2.23861229e-05
3.47019800e+00	1.96557747e-04	2.26019208e-05
3.47536000e+00	1.65066246e-04	2.24621196e-05
3.48052200e+00	1.94493024e-04	2.24589480e-05
3.48568400e+00	1.84114047e-04	2.25880066e-05
3.49084500e+00	1.75718482e-04	2.24590551e-05
3.49600700e+00	1.37068867e-04	2.24532472e-05
3.50116900e+00	1.51451660e-04	2.26896239e-05
3.50633100e+00	1.38250792e-04	2.25361475e-05
3.51149200e+00	1.76150737e-04	2.24081352e-05
3.51665400e+00	1.72752590e-04	2.26576353e-05
3.52181600e+00	1.56076053e-04	2.24601507e-05
3.52697800e+00	1.75050040e-04	2.25096372e-05
3.53214000e+00	1.71847631e-04	2.26210662e-05
3.53730100e+00	1.58591403e-04	2.25570477e-05
3.54246300e+00	1.92302669e-04	2.25002375e-05
3.54762500e+00	1.40396826e-04	2.26517285e-05
3.55278700e+00	1.82640327e-04	2.25733344e-05
3.55794800e+00	1.92757002e-04	2.24520444e-05
3.56311000e+00	1.88132691e-04	2.26740621e-05
3.56827200e+00	1.52123891e-04	2.25177518e-05
3.57343400e+00	1.83282984e-04	2.23965606e-05
3.57859500e+00	1.49844976e-04	2.26395279e-05
3.58375700e+00	1.74640028e-04	2.24763881e-05
3.58891900e+00	1.28093420e-04	2.25490814e-05
3.59408100e+00	1.64209316e-04	2.25976699e-05
3.59924200e+00	1.61627484e-04	2.25423179e-05
3.60440400e+00	1.55352169e-04	2.24138689e-05
3.60956600e+00	1.34575678e-04	2.27071629e-05
3.61472800e+00	1.61734663e-04	2.24659421e-05
3.61988900e+00	1.35661629e-04	2.25625590e-05
3.62505100e+00	1.47433098e-04	2.25630944e-05
3.63021300e+00	1.61657059e-04	2.24894126e-05
3.63537500e+00	2.05455591e-04	2.25939215e-05
3.64053700e+00	1.61645938e-04	2.27256411e-05
3.64569800e+00	1.47325920e-04	2.24735212e-05
3.65086000e+00	1.49394350e-04	2.25744960e-05
3.65602200e+00	1.53531212e-04	2.26325749e-05
3.66118400e+00	1.50882899e-04	2.24562953e-05
3.66634500e+00	1.74606746e-04	2.26377731e-05
3.67150700e+00	1.21138459e-04	2.25940204e-05
3.67666900e+00	1.71042435e-04	2.25223651e-05
3.68183100e+00	1.28795309e-04	2.25737628e-05
3.68699200e+00	2.09012487e-04	2.26633937e-05
3.69215400e+00	1.68272281e-04	2.25435042e-05
3.69731600e+00	1.94300993e-04	2.26278132e-05
3.70247800e+00	1.99095257e-04	2.26525771e-05
3.70763900e+00	1.79020573e-04	2.26048700e-05
3.71280100e+00	1.74979769e-04	2.25866226e-05
3.71796300e+00	1.83186927e-04	2.26286206e-05
3.72312500e+00	1.96572494e-04	2.24056060e-05
3.72828700e+00	1.60992242e-04	2.26739880e-05
3.73344800e+00	1.52364033e-04	2.26366198e-05
3.73861000e+00	1.50136771e-04	2.25611338e-05
3.74377200e+00	1.68512340e-04	2.26612683e-05
3.74893400e+00	1.38620190e-04	2.30142558e-05
3.75409500e+00	1.34295005e-04	2.33332528e-05
3.75925700e+00	1.89443872e-04	2.37672460e-05
3.76441900e+00	1.47758092e-04	2.37177924e-05
3.76958100e+00	2.08078036e-04	2.40501023e-05
3.77474200e+00	1.70340711e-04	2.41029828e-05
3.77990400e+00	1.42491124e-04	2.40967878e-05
3.78506600e+00	1.36204604e-04	2.42357980e-05
3.79022800e+00	1.34619999e-04	2.44474110e-05
3.79538900e+00	1.62041204e-04	2.41994514e-05
3.80055100e+00	1.77665071e-04	2.44359600e-05
3.80571300e+00	1.44725635e-04	2.44135111e-05
3.81087500e+00	1.15912022e-04	2.43859215e-05
3.81603600e+00	1.67659116e-04	2.37246878e-05
3.82119800e+00	1.31820270e-04	2.36931192e-05
3.82636000e+00	1.15406036e-04	2.34298614e-05
3.83152200e+00	1.79245886e-04	2.32868227e-05
3.83668400e+00	1.78082415e-04	2.35543643e-05
3.84184500e+00	1.57638498e-04	2.33085714e-05
3.84700700e+00	1.60578523e-04	2.32637230e-05
3.85216900e+00	1.69428338e-04	2.33972549e-05
3.85733100e+00	1.96313981e-04	2.32852740e-05
3.86249200e+00	1.13053225e-04	2.31104608e-05
3.86765400e+00	1.72383192e-04	2.33693194e-05
3.87281600e+00	1.68534500e-04	2.32774065e-05
3.87797800e+00	1.43178102e-04	2.32510363e-05
3.88313900e+00	1.96022104e-04	2.34749487e-05
3.88830100e+00	1.42202954e-04	2.32642420e-05
3.89346300e+00	1.23225343e-04	2.31388741e-05
3.89862500e+00	1.23986217e-04	2.34405545e-05
3.90378600e+00	1.50443312e-04	2.31819266e-05
3.90894800e+00	1.41512269e-04	2.31305371e-05
3.91411000e+00	1.65406069e-04	2.33458325e-05
3.91927200e+00	1.69757122e-04	2.32611774e-05
3.92443300e+00	1.18564042e-04	2.30715191e-05
3.92959500e+00	1.06208983e-04	2.34356776e-05
3.93475700e+00	1.56290327e-04	2.33011241e-05
3.93991900e+00	1.43137406e-04	2.31618255e-05
3.94508000e+00	1.47366616e-04	2.34012669e-05
3.95024200e+00	1.47927963e-04	2.32576762e-05
3.95540400e+00	1.14973863e-04	2.31582007e-05
3.96056600e+00	1.56013279e-04	2.34967386e-05
3.96572700e+00	1.75884728e-04	2.33611884e-05
3.97088900e+00	1.08890496e-04	2.33176004e-05
3.97605100e+00	1.40821584e-04	2.35267995e-05
3.98121300e+00	1.63732822e-04	2.32864273e-05
3.98637400e+00	1.54794365e-04	2.33387065e-05
3.99153600e+00	1.28920859e-04	2.35539112e-05
3.99669800e+00	1.31842430e-04	2.33168260e-05
4.00186000e+00	1.34265430e-04	2.33815695e-05
4.00702100e+00	1.62979362e-04	2.35263465e-05
4.01218300e+00	2.04613406e-04	2.33020138e-05
4.01734500e+00	1.23099711e-04	2.35443385e-05
4.02250700e+00	1.61749409e-04	2.35345928e-05
4.02766800e+00	1.83659714e-04	2.34680205e-05
4.03283000e+00	1.59906291e-04	2.35125641e-05
4.03799200e+00	1.67939872e-04	2.35694401e-05
4.04315400e+00	9.40681989e-05	2.32860236e-05
4.04831600e+00	1.89850177e-04	2.35388025e-05
4.05347700e+00	1.61302490e-04	2.35610784e-05
4.05863900e+00	1.34335619e-04	2.34611663e-05
4.06380100e+00	1.36356021e-04	2.36082912e-05
4.06896300e+00	1.35163057e-04	2.35103727e-05
4.07412400e+00	1.45010098e-04	2.35548504e-05
4.07928600e+00	1.73188387e-04	2.36647965e-05
4.08444800e+00	1.19842023e-04	2.35000174e-05
4.08961000e+00	1.42018338e-04	2.35970791e-05
4.09477100e+00	9.95309876e-05	2.37012915e-05
4.09993300e+00	1.38405998e-04	2.35362899e-05
4.10509500e+00	1.52223655e-04	2.35618775e-05
4.11025700e+00	1.45881775e-04	2.37425975e-05
4.11541800e+00	1.70403486e-04	2.37178583e-05
4.12058000e+00	1.35428902e-04	2.36572998e-05
4.12574200e+00	1.03689927e-04	2.37775601e-05
4.13090400e+00	1.77063028e-04	2.36314486e-05
4.13606500e+00	1.42369200e-04	2.37851639e-05
4.14122700e+00	1.46317655e-04	2.38653292e-05
4.14638900e+00	1.29002087e-04	2.37054105e-05
4.15155100e+00	1.57043787e-04	2.37498388e-05
4.15671300e+00	1.28894991e-04	2.39144532e-05
4.16187400e+00	1.23764528e-04	2.37266567e-05
4.16703600e+00	1.64345986e-04	2.38780983e-05
4.17219800e+00	1.65712610e-04	2.40015961e-05
4.17736000e+00	1.43118952e-04	2.38076952e-05
4.18252100e+00	1.29039076e-04	2.38686162e-05
4.18768300e+00	1.58598817e-04	2.41194344e-05
4.19284500e+00	1.52910633e-04	2.37951403e-05
4.19800700e+00	1.36806647e-04	2.39832498e-05
4.20316800e+00	1.47377655e-04	2.40673282e-05
4.20833000e+00	1.29400977e-04	2.39011815e-05
4.21349200e+00	1.30667920e-04	2.40107405e-05
4.21865400e+00	1.68257452e-04	2.40924792e-05
4.22381500e+00	1.50679746e-04	2.38890962e-05
4.22897700e+00	1.20588151e-04	2.39877149e-05
4.23413900e+00	1.39802115e-04	2.41554021e-05
4.23930100e+00	1.64227769e-04	2.38628330e-05
4.24446200e+00	1.64024617e-04	2.40351006e-05
4.24962400e+00	1.44485576e-04	2.41184376e-05
4.25478600e+00	1.54447210e-04	2.38646207e-05
4.25994800e+00	1.31258841e-04	2.40955026e-05
4.26511000e+00	1.18885329e-04	2.42018405e-05
4.27027100e+00	1.36555466e-04	2.39665841e-05
4.27543300e+00	1.27709359e-04	2.47310252e-05
4.28059500e+00	1.59208274e-04	2.50439260e-05
4.28575700e+00	1.28533007e-04	2.54174430e-05
4.29091800e+00	1.53616147e-04	2.54446782e-05
4.29608000e+00	1.37423436e-04	2.56877526e-05
4.30124200e+00	1.55595935e-04	2.57151938e-05
4.30640400e+00	1.26911495e-04	2.57129119e-05
4.31156500e+00	1.20717408e-04	2.57912400e-05
4.31672700e+00	1.77569014e-04	2.59964437e-05
4.32188900e+00	1.19912212e-04	2.60879282e-05
4.32705100e+00	1.32193292e-04	2.61282044e-05
4.33221200e+00	1.46842094e-04	2.61995631e-05
4.33737400e+00	1.27613302e-04	2.63031741e-05
4.34253600e+00	1.31742749e-04	2.63116594e-05
4.34769800e+00	1.25168142e-04	2.64291681e-05
4.35285900e+00	1.11860178e-04	2.65019026e-05
4.35802100e+00	9.59297699e-05	2.66637572e-05
4.36318300e+00	1.81772357e-04	2.67485441e-05
4.36834500e+00	1.17027465e-04	2.67593855e-05
4.37350700e+00	1.66957310e-04	2.68941614e-05
4.37866800e+00	1.52375072e-04	2.68579795e-05
4.38383000e+00	1.29995688e-04	2.69201856e-05
4.38899200e+00	1.62776210e-04	2.69309940e-05
4.39415400e+00	1.48212425e-04	2.71334544e-05
4.39931500e+00	8.91262249e-05	2.69737912e-05
4.40447700e+00	1.46672224e-04	2.73021961e-05
4.40963900e+00	1.27240279e-04	2.71789372e-05
4.41480100e+00	1.85499124e-04	2.73777810e-05
4.41996200e+00	1.74211563e-04	2.74908247e-05
4.42512400e+00	1.50598436e-04	2.75043846e-05
4.43028600e+00	1.38867663e-04	2.75200206e-05
4.43544800e+00	7.03036633e-05	2.74235273e-05
4.44060900e+00	1.23229050e-04	2.76301974e-05
4.44577100e+00	1.55547907e-04	2.77852885e-05
4.45093300e+00	1.91785644e-04	2.79167032e-05
4.45609500e+00	1.62960826e-04	2.78839978e-05
4.46125700e+00	1.74174574e-04	2.79804664e-05
4.46641800e+00	1.76028813e-04	2.80350687e-05
4.47158000e+00	1.19867891e-04	2.80974561e-05
4.47674200e+00	1.11771536e-04	2.80102719e-05
4.48190400e+00	1.86079006e-04	2.80893333e-05
4.48706500e+00	9.81606565e-05	2.79247354e-05
4.49222700e+00	1.57420517e-04	2.81020118e-05
4.49738900e+00	1.53653054e-04	2.80460996e-05
4.50255100e+00	1.10763188e-04	2.81452455e-05
4.50771200e+00	1.43396001e-04	2.80996969e-05
4.51287400e+00	1.21275129e-04	2.81577180e-05
4.51803600e+00	1.58173977e-04	2.82848572e-05
4.52319800e+00	1.20255743e-04	2.80850247e-05
4.52835900e+00	9.74958391e-05	2.81526351e-05
4.53352100e+00	1.38309859e-04	2.80956437e-05
4.53868300e+00	5.51045705e-05	2.81566636e-05
4.54384500e+00	1.37585975e-04	2.81763692e-05
4.54900600e+00	9.38022719e-05	2.82142893e-05
4.55416800e+00	1.63950803e-04	2.80732607e-05
4.55933000e+00	1.61213848e-04	2.81377076e-05
4.56449200e+00	1.33142572e-04	2.81940812e-05
4.56965400e+00	2.01296569e-04	2.83003613e-05
4.57481500e+00	1.38051429e-04	2.81243865e-05
4.57997700e+00	6.79508276e-05	2.82006470e-05
4.58513900e+00	1.26483112e-04	2.81060320e-05
4.59030100e+00	9.48882227e-05	2.82201384e-05
4.59546200e+00	1.23805225e-04	2.81409205e-05
4.60062400e+00	1.34446422e-04	2.83722473e-05
4.60578600e+00	1.28651224e-04	2.83245155e-05
4.61094800e+00	1.11073437e-04	2.84154563e-05
4.61610900e+00	1.36178737e-04	2.86369879e-05
4.62127100e+00	1.13134453e-04	2.84698115e-05
4.62643300e+00	1.22667621e-04	2.85397862e-05
4.63159500e+00	1.74259509e-04	2.87530715e-05
4.63675600e+00	1.33537838e-04	2.87858098e-05
4.64191800e+00	1.52548649e-04	2.89419884e-05
4.64708000e+00	8.23115008e-05	2.89060536e-05
4.65224200e+00	1.13053225e-04	2.89909311e-05
4.65740300e+00	9.20403823e-05	2.90671421e-05
4.66256500e+00	1.60674497e-04	2.93818305e-05
4.66772700e+00	1.20676711e-04	2.93816493e-05
4.67288900e+00	1.23084965e-04	2.92517751e-05
4.67805100e+00	8.59903794e-05	2.93895250e-05
4.68321200e+00	1.00302983e-04	2.94755228e-05
4.68837400e+00	1.28902405e-04	2.97225103e-05
4.69353600e+00	1.02980788e-04	2.97129706e-05
4.69869800e+00	8.83875115e-05	2.97636845e-05
4.70385900e+00	1.54018744e-04	2.98787712e-05
4.70902100e+00	1.43063592e-04	3.01470790e-05
4.71418300e+00	8.92443598e-05	3.01199920e-05
4.71934500e+00	1.12070745e-04	3.01973893e-05
4.72450600e+00	8.59126938e-05	3.03598041e-05
4.72966800e+00	1.40219541e-04	3.03663122e-05
4.73483000e+00	1.34350365e-04	3.05327719e-05
4.73999200e+00	6.98382829e-05	3.05133794e-05
4.74515300e+00	1.22815331e-04	3.06504949e-05
4.75031500e+00	1.29530233e-04	3.09442667e-05
4.75547700e+00	1.57716019e-04	3.08619101e-05
4.76063900e+00	7.93160166e-05	3.10605974e-05
4.76580000e+00	1.11010662e-04	3.12810004e-05
4.77096200e+00	1.18608281e-04	3.11178936e-05
4.77612400e+00	1.10260827e-04	3.13064892e-05
4.78128600e+00	1.44766332e-04	3.13382554e-05
4.78644800e+00	1.15128987e-04	3.14406554e-05
4.79160900e+00	9.78134191e-05	3.15710816e-05
4.79677100e+00	1.19590843e-04	3.17777846e-05
4.80193300e+00	1.18966557e-04	3.17905372e-05
4.80709500e+00	1.13939648e-04	3.19305525e-05
4.81225600e+00	1.14755882e-04	3.19601933e-05
4.81741800e+00	8.92886809e-05	3.22221001e-05
4.82258000e+00	1.50181092e-04	3.21088669e-05
4.82774200e+00	1.06401097e-04	3.22465591e-05
4.83290300e+00	1.25253077e-04	3.23525180e-05
4.83806500e+00	1.68009978e-04	3.23615058e-05
4.84322700e+00	1.14981278e-04	3.26109729e-05
4.84838800e+00	1.42299011e-04	3.27089655e-05
4.85355000e+00	1.27432310e-04	3.28472426e-05
4.85871200e+00	1.19420972e-04	3.29041846e-05
4.86387300e+00	1.32773257e-04	3.30961001e-05
4.86903500e+00	1.34162042e-04	3.31527538e-05
4.87419700e+00	1.81214553e-04	3.31178818e-05
4.87935900e+00	1.87726303e-04	3.32476736e-05
4.88452100e+00	1.34712349e-04	3.33254745e-05
4.88968200e+00	1.29903256e-04	3.33765839e-05
4.89484400e+00	1.44467123e-04	3.33216602e-05
4.90000600e+00	1.16384808e-04	3.34918107e-05
4.90516800e+00	8.93034272e-05	3.35518831e-05
4.91032900e+00	7.99993204e-05	3.36816584e-05
4.91549100e+00	8.79073107e-05	3.42202264e-05
4.92065300e+00	7.22945236e-05	3.39187766e-05
4.92581500e+00	1.93931595e-04	3.43594179e-05
4.93097600e+00	1.28924483e-04	3.44114994e-05
4.93613800e+00	1.23107125e-04	3.44106097e-05
4.94130000e+00	4.64874416e-05	3.47582672e-05
4.94646200e+00	1.25733278e-04	3.50360900e-05
4.95162300e+00	1.52799830e-04	3.51890392e-05
4.95678500e+00	1.35971877e-04	3.53447481e-05
4.96194700e+00	1.57701190e-04	3.54718543e-05
4.96710900e+00	9.72705261e-05	3.59588845e-05
4.97227000e+00	1.15210298e-04	3.57722331e-05
4.97743200e+00	1.42838279e-04	3.60089724e-05
4.98259400e+00	1.71397005e-04	3.61270742e-05
4.98775600e+00	1.23638979e-04	3.63656341e-05
4.99291800e+00	1.89768866e-04	3.64908702e-05
4.99807900e+00	9.28197921e-05	3.65729962e-05
5.00324100e+00	1.62351452e-04	3.69987759e-05
5.00840300e+00	9.11392129e-05	3.70552812e-05
5.01356500e+00	1.30372418e-04	3.73204091e-05
5.01872600e+00	1.53331684e-04	3.77223064e-05
5.02388800e+00	1.44149460e-04	3.76184400e-05
5.02905000e+00	1.27469299e-04	3.76604792e-05
5.03421200e+00	8.50299778e-05	3.77579528e-05
5.03937300e+00	1.38139989e-04	3.81046712e-05
5.04453500e+00	1.73483889e-04	3.82620195e-05
5.04969700e+00	9.19480328e-05	3.79508652e-05
5.05485900e+00	1.02304850e-04	3.84442141e-05
5.06002000e+00	1.54148001e-04	3.89002277e-05
5.06518200e+00	8.26771669e-05	3.93802802e-05
5.07034400e+00	1.29149879e-04	3.99116398e-05
5.07550600e+00	1.09182373e-05	4.00214212e-05
5.08066700e+00	1.25134942e-04	4.05467587e-05
5.08582900e+00	1.52881058e-04	4.09921287e-05
5.09099100e+00	8.87568270e-05	4.13296039e-05
5.09615300e+00	9.89806803e-05	4.16952781e-05
5.10131500e+00	9.51873493e-05	4.20132207e-05
5.10647600e+00	1.77473040e-04	4.26997455e-05
5.11163800e+00	2.28714066e-04	4.32264094e-05
5.11680000e+00	1.37645042e-04	4.41724519e-05
5.12196200e+00	9.25242079e-05	4.42176216e-05
5.12712300e+00	1.83866573e-04	4.46686430e-05
5.13228500e+00	7.65532020e-05	4.52093858e-05
5.13744700e+00	1.04295677e-04	4.56024189e-05
5.14260900e+00	9.99667849e-05	4.67287036e-05
5.14777000e+00	1.26479405e-04	4.79342144e-05
5.15293200e+00	6.18675179e-05	4.84559354e-05
5.15809400e+00	4.55086360e-05	4.95780021e-05
5.16325600e+00	1.40315598e-04	5.02379837e-05
5.16841700e+00	2.07365190e-04	5.26579766e-05
5.17357900e+00	5.80963723e-05	5.51285023e-05
5.17874100e+00	7.53121519e-05	5.55818138e-05
5.18390300e+00	1.25400869e-04	5.66978749e-05
5.18906500e+00	9.84561583e-05	5.69296466e-05
5.19422600e+00	2.03845118e-04	6.08188035e-05
5.19938800e+00	2.00698233e-04	6.37121679e-05
5.20455000e+00	1.53224588e-04	6.77196903e-05
5.20971200e+00	1.27325214e-04	9.69141445e-05
