q[nm-1]	merged(TipAS_1.96mgml-1_15deg_sub_ave_cm-1_divconc_nm-1.dat_00001_[493]TipAS_NaP_15deg_1-2_ave_sub_cm-1_divconc.dat_00001_[TipAS_NaP_15deg_1-2_ave_sub.dat],scale_high,lq=0.9058,hq=1.0031)	error
1.14692100e-01	1.70259300e-02	2.41197300e-03
1.27435600e-01	2.07189900e-02	1.68265600e-03
1.40179000e-01	2.07707600e-02	1.58577500e-03
1.52922400e-01	1.76625200e-02	1.37124900e-03
1.65665800e-01	1.79641900e-02	1.23810500e-03
1.78409200e-01	1.60400500e-02	1.22476900e-03
1.91152500e-01	1.77045600e-02	1.06898400e-03
2.03895700e-01	1.73987700e-02	1.07016300e-03
2.16639000e-01	1.71637800e-02	9.50841300e-04
2.29382100e-01	1.68919400e-02	9.23894400e-04
2.42125300e-01	1.73855300e-02	8.69149000e-04
2.54868300e-01	1.75644200e-02	8.04630600e-04
2.67611300e-01	1.60088300e-02	7.68283200e-04
2.80354300e-01	1.61895700e-02	6.97501500e-04
2.93097200e-01	1.56583600e-02	6.83540800e-04
3.05840000e-01	1.66975400e-02	6.45943900e-04
3.18582800e-01	1.63223000e-02	6.07547400e-04
3.31325500e-01	1.59427400e-02	5.85208200e-04
3.44068100e-01	1.56057700e-02	5.48483200e-04
3.56810600e-01	1.53598900e-02	5.45759700e-04
3.69553100e-01	1.55822800e-02	5.14552000e-04
3.82295500e-01	1.49891500e-02	5.02314800e-04
3.95037800e-01	1.34174200e-02	4.78613500e-04
4.07780000e-01	1.37000300e-02	4.65661900e-04
4.20522100e-01	1.36143100e-02	4.73011600e-04
4.33264100e-01	1.36701200e-02	4.43852200e-04
4.46006100e-01	1.31671000e-02	4.58055100e-04
4.58747900e-01	1.27290900e-02	4.28919800e-04
4.71489600e-01	1.24476800e-02	4.22102000e-04
4.84231300e-01	1.20755900e-02	4.20856500e-04
4.96972800e-01	1.16997900e-02	4.01612200e-04
5.09714200e-01	1.08005500e-02	3.97306300e-04
5.22455500e-01	1.11942700e-02	3.83022700e-04
5.35196700e-01	1.23467300e-02	3.93045600e-04
5.47937800e-01	1.02525400e-02	3.77104000e-04
5.60678700e-01	1.06241500e-02	3.65694800e-04
5.73419600e-01	1.04087900e-02	3.70412000e-04
5.86160300e-01	9.88658200e-03	3.52501500e-04
5.98900800e-01	1.04919600e-02	3.55637900e-04
6.11641300e-01	9.67317900e-03	3.51271800e-04
6.24381600e-01	8.12700000e-03	3.31309600e-04
6.37121700e-01	9.11248000e-03	3.43271400e-04
6.49861800e-01	8.46038800e-03	3.21666400e-04
6.62601700e-01	8.44649500e-03	3.28463600e-04
6.75341400e-01	7.94825500e-03	3.16735800e-04
6.88081000e-01	7.64331600e-03	3.16450400e-04
7.00820400e-01	8.44408200e-03	3.17414600e-04
7.13559700e-01	7.33392300e-03	2.97356300e-04
7.26298800e-01	7.78209700e-03	3.03612500e-04
7.39037800e-01	8.11958200e-03	2.97544000e-04
7.51776600e-01	6.93851500e-03	2.96298400e-04
7.64515300e-01	7.83512800e-03	2.93906600e-04
7.77253700e-01	7.23756600e-03	2.88687800e-04
7.89992000e-01	6.11699000e-03	2.80884800e-04
8.02730200e-01	7.48122400e-03	2.78389700e-04
8.15468100e-01	6.75315300e-03	2.78879200e-04
8.28205900e-01	5.74862800e-03	2.70723800e-04
8.40943500e-01	5.91440800e-03	2.66359900e-04
8.53680900e-01	5.84128600e-03	2.71738300e-04
8.66418100e-01	5.43185200e-03	2.54574100e-04
8.79155100e-01	4.88756600e-03	2.57749700e-04
8.91892000e-01	5.59576500e-03	2.51064200e-04
9.04628600e-01	5.45064300e-03	2.56244600e-04
9.30101300e-01	5.11190798e-03	2.51081795e-04
9.42837300e-01	5.04560332e-03	2.45919988e-04
9.55573100e-01	4.93659140e-03	2.44262731e-04
9.68308700e-01	4.64791217e-03	2.41717465e-04
9.81044100e-01	4.65105708e-03	2.39851563e-04
9.93779300e-01	4.52393988e-03	2.37013031e-04
1.01320100e+00	4.31643318e-03	3.29139852e-05
1.01836200e+00	4.25978860e-03	3.30489861e-05
1.02352400e+00	4.25629341e-03	3.32931641e-05
1.02868600e+00	4.14117003e-03	3.28682107e-05
1.03384800e+00	4.08521649e-03	3.29490799e-05
1.03900900e+00	4.07545242e-03	3.29201342e-05
1.04417100e+00	4.01964451e-03	3.26587562e-05
1.04933300e+00	4.00451105e-03	3.26874450e-05
1.05449500e+00	3.94303203e-03	3.28617667e-05
1.05965600e+00	3.86828517e-03	3.26693788e-05
1.06481800e+00	3.85074448e-03	3.26919186e-05
1.06998000e+00	3.78051605e-03	3.28327829e-05
1.07514200e+00	3.68681215e-03	3.23633306e-05
1.08030300e+00	3.67530238e-03	3.25617342e-05
1.08546500e+00	3.58696120e-03	3.26736907e-05
1.09062700e+00	3.58012883e-03	3.22673841e-05
1.09578900e+00	3.57992037e-03	3.24150446e-05
1.10095000e+00	3.57163642e-03	3.25936402e-05
1.10611200e+00	3.45102468e-03	3.21289661e-05
1.11127400e+00	3.50056846e-03	3.27672385e-05
1.11643600e+00	3.39226414e-03	3.30811776e-05
1.12159800e+00	3.32271819e-03	3.31927344e-05
1.12675900e+00	3.34574248e-03	3.34326196e-05
1.13192100e+00	3.25551569e-03	3.36869443e-05
1.13708300e+00	3.24380984e-03	3.35774626e-05
1.14224500e+00	3.20846099e-03	3.34625267e-05
1.14740600e+00	3.14133940e-03	3.37170989e-05
1.15256800e+00	3.10385651e-03	3.36606257e-05
1.15773000e+00	3.13793368e-03	3.37843186e-05
1.16289200e+00	3.10137694e-03	3.36244744e-05
1.16805300e+00	2.99224546e-03	3.35181147e-05
1.17321500e+00	2.98325333e-03	3.36139375e-05
1.17837700e+00	2.93542574e-03	3.29840889e-05
1.18353900e+00	2.88140160e-03	3.24787614e-05
1.18870000e+00	2.84342374e-03	3.29845934e-05
1.19386200e+00	2.80720872e-03	3.28559414e-05
1.19902400e+00	2.81160055e-03	3.24901360e-05
1.20418600e+00	2.73405811e-03	3.30621597e-05
1.20934700e+00	2.75826745e-03	3.28633468e-05
1.21450900e+00	2.69988194e-03	3.26139146e-05
1.21967100e+00	2.67285512e-03	3.28310791e-05
1.22483300e+00	2.65053995e-03	3.26904338e-05
1.22999500e+00	2.60871662e-03	3.24110183e-05
1.23515600e+00	2.56822969e-03	3.28939488e-05
1.24031800e+00	2.56879700e-03	3.25976189e-05
1.24548000e+00	2.55620783e-03	3.25047755e-05
1.25064200e+00	2.49927769e-03	3.26193972e-05
1.25580300e+00	2.45227345e-03	3.25178444e-05
1.26096500e+00	2.34923190e-03	3.23183271e-05
1.26612700e+00	2.32623711e-03	3.26238804e-05
1.27128900e+00	2.39119896e-03	3.23769230e-05
1.27645000e+00	2.37211056e-03	3.21703716e-05
1.28161200e+00	2.29767401e-03	3.23909247e-05
1.28677400e+00	2.28322017e-03	3.22014495e-05
1.29193600e+00	2.23491855e-03	3.28314598e-05
1.29709700e+00	2.22079310e-03	3.31040315e-05
1.30225900e+00	2.21920922e-03	3.29847648e-05
1.30742100e+00	2.19424410e-03	3.34030456e-05
1.31258300e+00	2.12784402e-03	3.35952526e-05
1.31774400e+00	2.11007298e-03	3.34435278e-05
1.32290600e+00	2.06198172e-03	3.36361251e-05
1.32806800e+00	2.02154143e-03	3.41077381e-05
1.33323000e+00	1.97114099e-03	3.37884686e-05
1.33839100e+00	2.04873483e-03	3.43090258e-05
1.34355300e+00	2.03422483e-03	3.42545609e-05
1.34871500e+00	1.97218612e-03	3.41367410e-05
1.35387700e+00	1.87773882e-03	3.42593297e-05
1.35903800e+00	1.87945881e-03	3.37522983e-05
1.36420000e+00	1.87931794e-03	3.34634310e-05
1.36936200e+00	1.90677976e-03	3.30481960e-05
1.37452400e+00	1.86041230e-03	3.32359484e-05
1.37968600e+00	1.85307639e-03	3.31409347e-05
1.38484700e+00	1.77913956e-03	3.27823634e-05
1.39000900e+00	1.77760708e-03	3.29578464e-05
1.39517100e+00	1.78025322e-03	3.25233080e-05
1.40033300e+00	1.72494028e-03	3.25799430e-05
1.40549400e+00	1.72450909e-03	3.26217673e-05
1.41065600e+00	1.75617523e-03	3.24399830e-05
1.41581800e+00	1.68837497e-03	3.21851443e-05
1.42098000e+00	1.68446191e-03	3.25212615e-05
1.42614100e+00	1.65450339e-03	3.23145483e-05
1.43130300e+00	1.68161112e-03	3.21334779e-05
1.43646500e+00	1.58080071e-03	3.22277967e-05
1.44162700e+00	1.57510865e-03	3.20165527e-05
1.44678800e+00	1.61130655e-03	3.18869202e-05
1.45195000e+00	1.52304247e-03	3.20993160e-05
1.45711200e+00	1.50474316e-03	3.17583920e-05
1.46227400e+00	1.48216338e-03	3.16261610e-05
1.46743500e+00	1.48748517e-03	3.17963041e-05
1.47259700e+00	1.45899440e-03	3.18285338e-05
1.47775900e+00	1.49108221e-03	3.14701528e-05
1.48292100e+00	1.42093088e-03	3.16299494e-05
1.48808300e+00	1.41455158e-03	3.14147361e-05
1.49324400e+00	1.42987541e-03	3.13864186e-05
1.49840600e+00	1.39646834e-03	3.15890960e-05
1.50356800e+00	1.36812796e-03	3.12844184e-05
1.50873000e+00	1.34694740e-03	3.12267172e-05
1.51389100e+00	1.38048202e-03	3.14990795e-05
1.51905300e+00	1.28597571e-03	3.13620036e-05
1.52421500e+00	1.27235379e-03	3.12472106e-05
1.52937700e+00	1.31848709e-03	3.12387581e-05
1.53453800e+00	1.28784991e-03	3.12214821e-05
1.53970000e+00	1.23511362e-03	3.09894401e-05
1.54486200e+00	1.26500456e-03	3.12461540e-05
1.55002400e+00	1.26662175e-03	3.10235354e-05
1.55518500e+00	1.20330756e-03	3.09350800e-05
1.56034700e+00	1.21295646e-03	3.11729187e-05
1.56550900e+00	1.20487335e-03	3.10723272e-05
1.57067100e+00	1.17371550e-03	3.06959277e-05
1.57583200e+00	1.10016321e-03	3.09541741e-05
1.58099400e+00	1.15459189e-03	3.08860216e-05
1.58615600e+00	1.15422067e-03	3.07075498e-05
1.59131800e+00	1.14611281e-03	3.07967381e-05
1.59648000e+00	1.12073745e-03	3.06837060e-05
1.60164100e+00	1.07835443e-03	3.05239856e-05
1.60680300e+00	1.03093327e-03	3.07583405e-05
1.61196500e+00	1.02807392e-03	3.05578048e-05
1.61712700e+00	1.08886190e-03	3.04858259e-05
1.62228800e+00	1.03564493e-03	3.05564151e-05
1.62745000e+00	1.00490018e-03	3.05072140e-05
1.63261200e+00	9.90322603e-04	3.03019952e-05
1.63777400e+00	1.00460987e-03	3.05566531e-05
1.64293500e+00	9.73491043e-04	3.03006721e-05
1.64809700e+00	9.98938747e-04	3.03112947e-05
1.65325900e+00	9.64533185e-04	3.04027770e-05
1.65842100e+00	9.52754044e-04	3.03635323e-05
1.66358200e+00	1.00211793e-03	3.01191448e-05
1.66874400e+00	8.93894984e-04	3.03126940e-05
1.67390600e+00	9.17102510e-04	3.01664327e-05
1.67906800e+00	9.07846247e-04	2.99274518e-05
1.68422900e+00	9.40894376e-04	3.01739809e-05
1.68939100e+00	9.41197635e-04	3.01033156e-05
1.69455300e+00	8.56310053e-04	2.99338387e-05
1.69971500e+00	8.63701547e-04	3.03504919e-05
1.70487600e+00	8.71758480e-04	2.98161806e-05
1.71003800e+00	8.24814867e-04	2.98541594e-05
1.71520000e+00	8.09933171e-04	2.98868268e-05
1.72036200e+00	8.46046162e-04	2.98665239e-05
1.72552300e+00	8.24938607e-04	2.96986557e-05
1.73068500e+00	7.56361828e-04	2.98199689e-05
1.73584700e+00	7.82112506e-04	2.97284390e-05
1.74100900e+00	7.79074392e-04	2.95585339e-05
1.74617100e+00	8.09033292e-04	3.00092252e-05
1.75133200e+00	7.55252257e-04	2.95945994e-05
1.75649400e+00	7.71772276e-04	2.94089507e-05
1.76165600e+00	7.35360785e-04	2.95996728e-05
1.76681800e+00	7.35885730e-04	2.94306148e-05
1.77197900e+00	7.67333896e-04	2.93524298e-05
1.77714100e+00	7.47463841e-04	2.94806059e-05
1.78230300e+00	7.18926147e-04	2.93504119e-05
1.78746500e+00	7.18631645e-04	2.91154002e-05
1.79262600e+00	7.05099006e-04	2.94242754e-05
1.79778800e+00	6.11949272e-04	2.90858548e-05
1.80295000e+00	7.10655429e-04	2.88707177e-05
1.80811200e+00	6.57984345e-04	2.92025135e-05
1.81327300e+00	6.38127045e-04	2.89857392e-05
1.81843500e+00	6.68982017e-04	2.89087917e-05
1.82359700e+00	6.63532297e-04	2.91050631e-05
1.82875900e+00	6.49628246e-04	2.89558131e-05
1.83392000e+00	6.16788762e-04	2.88841007e-05
1.83908200e+00	6.02317219e-04	2.90261262e-05
1.84424400e+00	6.07865170e-04	2.88966746e-05
1.84940600e+00	6.20352297e-04	2.86648421e-05
1.85456800e+00	5.40799167e-04	2.89570695e-05
1.85972900e+00	5.69353994e-04	2.88514522e-05
1.86489100e+00	5.90862944e-04	2.86242933e-05
1.87005300e+00	5.72166330e-04	2.89288186e-05
1.87521500e+00	5.93239999e-04	2.87301961e-05
1.88037600e+00	5.76024367e-04	2.86541338e-05
1.88553800e+00	5.68841899e-04	2.88814641e-05
1.89070000e+00	5.84896750e-04	2.86568466e-05
1.89586200e+00	5.83172569e-04	2.85315260e-05
1.90102300e+00	5.39821903e-04	2.87209156e-05
1.90618500e+00	5.19175139e-04	2.86491461e-05
1.91134700e+00	5.10204621e-04	2.84025980e-05
1.91650900e+00	4.88529288e-04	2.87115018e-05
1.92167000e+00	4.89318752e-04	2.84528842e-05
1.92683200e+00	4.94089994e-04	2.85806319e-05
1.93199400e+00	5.01225441e-04	2.86012300e-05
1.93715600e+00	4.77531520e-04	2.83631533e-05
1.94231700e+00	4.80689568e-04	2.82922976e-05
1.94747900e+00	5.13601582e-04	2.85132315e-05
1.95264100e+00	5.01016320e-04	2.83815145e-05
1.95780300e+00	5.06828886e-04	2.83071274e-05
1.96296400e+00	4.45588298e-04	2.84471921e-05
1.96812600e+00	4.90961740e-04	2.83539108e-05
1.97328800e+00	4.76199978e-04	2.82687203e-05
1.97845000e+00	4.57217523e-04	2.84124401e-05
1.98361100e+00	4.56466513e-04	2.82733558e-05
1.98877300e+00	4.75986668e-04	2.81533656e-05
1.99393500e+00	4.71433114e-04	2.83031487e-05
1.99909700e+00	4.19261180e-04	2.81358230e-05
2.00425900e+00	4.71706200e-04	2.81422766e-05
2.00942000e+00	5.04754805e-04	2.83241084e-05
2.01458200e+00	4.20767673e-04	2.82233266e-05
2.01974400e+00	4.49962524e-04	2.80851370e-05
2.02490600e+00	4.43360589e-04	2.81705751e-05
2.03006700e+00	4.12450029e-04	2.80985200e-05
2.03522900e+00	4.08967686e-04	2.79339833e-05
2.04039100e+00	4.26593089e-04	2.81789989e-05
2.04555300e+00	4.04597649e-04	2.79874963e-05
2.05071400e+00	4.16363464e-04	2.79228466e-05
2.05587600e+00	3.99310028e-04	2.81209361e-05
2.06103800e+00	3.40915947e-04	2.78939389e-05
2.06620000e+00	4.36805485e-04	2.79959297e-05
2.07136200e+00	3.47633151e-04	2.80261033e-05
2.07652300e+00	3.78714378e-04	2.78533330e-05
2.08168500e+00	3.57167069e-04	2.78233783e-05
2.08684700e+00	3.91350850e-04	2.79496126e-05
2.09200800e+00	4.02638742e-04	2.78412921e-05
2.09717000e+00	3.14473655e-04	2.77619364e-05
2.10233200e+00	4.37330335e-04	2.79333455e-05
2.10749400e+00	4.09974838e-04	2.78607860e-05
2.11265500e+00	3.99595964e-04	2.84810685e-05
2.11781700e+00	2.99024753e-04	2.87720204e-05
2.12297900e+00	4.14297950e-04	2.88038598e-05
2.12814100e+00	3.69602986e-04	2.90616587e-05
2.13330200e+00	3.34514472e-04	2.93095680e-05
2.13846400e+00	3.29320799e-04	2.92968703e-05
2.14362600e+00	3.70751012e-04	2.97008164e-05
2.14878800e+00	3.44517842e-04	2.97535108e-05
2.15394900e+00	3.27827156e-04	2.97503411e-05
2.15911100e+00	3.51794162e-04	2.99836300e-05
2.16427300e+00	2.82069452e-04	3.00927120e-05
2.16943500e+00	3.48341613e-04	3.00578457e-05
2.17459700e+00	3.03249823e-04	2.99120033e-05
2.17975800e+00	3.31659398e-04	2.96242876e-05
2.18492000e+00	3.60781719e-04	2.91912817e-05
2.19008200e+00	2.99204081e-04	2.89588685e-05
2.19524400e+00	2.43088919e-04	2.91069954e-05
2.20040500e+00	2.93387327e-04	2.89361002e-05
2.20556700e+00	2.86644328e-04	2.86469759e-05
2.21072900e+00	3.18937640e-04	2.87190309e-05
2.21589100e+00	3.17883467e-04	2.85339723e-05
2.22105200e+00	3.10351099e-04	2.83036341e-05
2.22621400e+00	3.54892434e-04	2.85409969e-05
2.23137600e+00	2.70798599e-04	2.82571934e-05
2.23653800e+00	2.61836648e-04	2.83309998e-05
2.24169900e+00	2.99084624e-04	2.83882060e-05
2.24686100e+00	2.36166782e-04	2.82763256e-05
2.25202300e+00	2.79999655e-04	2.79930265e-05
2.25718500e+00	3.13043977e-04	2.82573076e-05
2.26234700e+00	3.28356289e-04	2.79813664e-05
2.26750800e+00	2.87608837e-04	2.79402560e-05
2.27267000e+00	3.09058011e-04	2.81637217e-05
2.27783200e+00	3.15416748e-04	2.79575035e-05
2.28299400e+00	2.70384640e-04	2.79721049e-05
2.28815500e+00	3.06548649e-04	2.82174822e-05
2.29331700e+00	2.75138844e-04	2.78924445e-05
2.29847900e+00	3.07824699e-04	2.79110056e-05
2.30364100e+00	2.58439496e-04	2.80452069e-05
2.30880200e+00	2.57428155e-04	2.77794600e-05
2.31396400e+00	2.71199804e-04	2.77152006e-05
2.31912600e+00	2.83161985e-04	2.79217425e-05
2.32428800e+00	2.40844077e-04	2.76304860e-05
2.32944900e+00	2.86823656e-04	2.78261387e-05
2.33461100e+00	2.93971858e-04	2.79010969e-05
2.33977300e+00	2.52114930e-04	2.76928036e-05
2.34493500e+00	2.68250878e-04	2.76852364e-05
2.35009600e+00	2.57705524e-04	2.77594997e-05
2.35525800e+00	2.26782209e-04	2.74660158e-05
2.36042000e+00	2.96310648e-04	2.75910128e-05
2.36558200e+00	2.52144818e-04	2.76695213e-05
2.37074400e+00	2.35172384e-04	2.75811706e-05
2.37590500e+00	2.45457407e-04	2.75268295e-05
2.38106700e+00	2.18921263e-04	2.77189128e-05
2.38622900e+00	2.97279346e-04	2.73733533e-05
2.39139100e+00	2.69001983e-04	2.74944190e-05
2.39655200e+00	2.96366046e-04	2.76131909e-05
2.40171400e+00	2.29786723e-04	2.73524792e-05
2.40687600e+00	2.35978982e-04	2.73944558e-05
2.41203800e+00	2.41296491e-04	2.74774000e-05
2.41719900e+00	2.23440645e-04	2.72313849e-05
2.42236100e+00	2.28856290e-04	2.74186232e-05
2.42752300e+00	2.73743337e-04	2.74288271e-05
2.43268500e+00	2.31579056e-04	2.72600736e-05
2.43784600e+00	1.96179001e-04	2.71480599e-05
2.44300800e+00	2.32116756e-04	2.72220948e-05
2.44817000e+00	1.93400837e-04	2.69631726e-05
2.45333200e+00	2.00514867e-04	2.71610241e-05
2.45849300e+00	2.26547483e-04	2.71108712e-05
2.46365500e+00	2.29513542e-04	2.69110303e-05
2.46881700e+00	1.99622984e-04	2.69599173e-05
2.47397900e+00	2.00613098e-04	2.70007136e-05
2.47914100e+00	2.62092695e-04	2.67533469e-05
2.48430200e+00	2.55947268e-04	2.69434598e-05
2.48946400e+00	2.29351347e-04	2.69199967e-05
2.49462600e+00	2.39213939e-04	2.67220025e-05
2.49978800e+00	2.26773643e-04	2.68559658e-05
2.50494900e+00	2.35710180e-04	2.68585072e-05
2.51011100e+00	2.47484561e-04	2.67545176e-05
2.51527300e+00	2.31655871e-04	2.68231175e-05
2.52043500e+00	2.05875114e-04	2.69214721e-05
2.52559600e+00	1.90016535e-04	2.66780175e-05
2.53075800e+00	2.68071645e-04	2.67477785e-05
2.53592000e+00	2.62118300e-04	2.68088112e-05
2.54108200e+00	1.88074762e-04	2.66407335e-05
2.54624300e+00	2.15950920e-04	2.67733833e-05
2.55140500e+00	2.15519923e-04	2.67027561e-05
2.55656700e+00	2.29931785e-04	2.67099235e-05
2.56172900e+00	1.98765177e-04	2.67522046e-05
2.56689000e+00	1.93686678e-04	2.67463413e-05
2.57205200e+00	2.56647163e-04	2.68646181e-05
2.57721400e+00	2.11653414e-04	2.73488526e-05
2.58237600e+00	2.30153661e-04	2.76679127e-05
2.58753800e+00	2.34327427e-04	2.78329349e-05
2.59269900e+00	1.96831970e-04	2.79062464e-05
2.59786100e+00	1.93823268e-04	2.79874582e-05
2.60302300e+00	2.13958032e-04	2.73835952e-05
2.60818500e+00	2.10714604e-04	2.73810823e-05
2.61334600e+00	1.78523806e-04	2.72962725e-05
2.61850800e+00	1.81220967e-04	2.70564920e-05
2.62367000e+00	2.03305977e-04	2.70786606e-05
2.62883200e+00	2.11051749e-04	2.70371504e-05
2.63399300e+00	1.49452695e-04	2.68074786e-05
2.63915500e+00	2.33089832e-04	2.69782595e-05
2.64431700e+00	2.19326656e-04	2.70082332e-05
2.64947900e+00	2.25984178e-04	2.69527594e-05
2.65464000e+00	2.12033202e-04	2.70100988e-05
2.65980200e+00	2.31745535e-04	2.69876066e-05
2.66496400e+00	2.01257501e-04	2.68189388e-05
2.67012600e+00	1.63599848e-04	2.68744602e-05
2.67528700e+00	1.74601804e-04	2.68881574e-05
2.68044900e+00	1.84485717e-04	2.67176239e-05
2.68561100e+00	2.25932969e-04	2.68744222e-05
2.69077300e+00	2.16360692e-04	2.67975032e-05
2.69593500e+00	1.86047607e-04	2.67400971e-05
2.70109600e+00	2.29475088e-04	2.68680352e-05
2.70625800e+00	2.11798571e-04	2.68146936e-05
2.71142000e+00	1.65665362e-04	2.66641776e-05
2.71658100e+00	2.24874607e-04	2.67304454e-05
2.72174300e+00	2.27004181e-04	2.67134358e-05
2.72690500e+00	2.13761666e-04	2.65938644e-05
2.73206700e+00	2.16113115e-04	2.67702708e-05
2.73722800e+00	1.58888382e-04	2.66431036e-05
2.74239000e+00	1.77030068e-04	2.66179367e-05
2.74755200e+00	2.53860337e-04	2.66870886e-05
2.75271400e+00	2.13655059e-04	2.66927331e-05
2.75787500e+00	2.55418039e-04	2.65855358e-05
2.76303700e+00	2.06468307e-04	2.65579511e-05
2.76819900e+00	1.85928150e-04	2.65368582e-05
2.77336100e+00	1.65545905e-04	2.63782038e-05
2.77852200e+00	1.79791289e-04	2.65170882e-05
2.78368400e+00	2.17512906e-04	2.64904650e-05
2.78884600e+00	2.04671595e-04	2.64044273e-05
2.79400800e+00	1.89969609e-04	2.64983749e-05
2.79917000e+00	1.75037180e-04	2.65203912e-05
2.80433100e+00	2.21477550e-04	2.62743475e-05
2.80949300e+00	1.97962958e-04	2.64350293e-05
2.81465500e+00	1.32736309e-04	2.62636487e-05
2.81981700e+00	1.50681724e-04	2.61332263e-05
2.82497800e+00	1.89794659e-04	2.63325531e-05
2.83014000e+00	1.75254773e-04	2.62422131e-05
2.83530200e+00	1.96102187e-04	2.62227192e-05
2.84046400e+00	1.49508188e-04	2.63542743e-05
2.84562500e+00	1.60015087e-04	2.63558449e-05
2.85078700e+00	1.83465715e-04	2.62120013e-05
2.85594900e+00	1.85134403e-04	2.63357228e-05
2.86111100e+00	1.81395917e-04	2.62581661e-05
2.86627200e+00	2.14435956e-04	2.61514447e-05
2.87143400e+00	1.84643629e-04	2.63819541e-05
2.87659600e+00	2.24947138e-04	2.61600018e-05
2.88175800e+00	1.95829101e-04	2.61678450e-05
2.88691900e+00	1.68618571e-04	2.62055573e-05
2.89208100e+00	1.95671189e-04	2.62042533e-05
2.89724300e+00	1.93511728e-04	2.59616363e-05
2.90240500e+00	2.10501199e-04	2.61135610e-05
2.90756700e+00	1.72600254e-04	2.60700520e-05
2.91272800e+00	1.27811439e-04	2.59227627e-05
2.91789000e+00	1.86777391e-04	2.62085842e-05
2.92305200e+00	1.75873666e-04	2.60554411e-05
2.92821400e+00	1.74546311e-04	2.62767081e-05
2.93337500e+00	1.93524578e-04	2.67821498e-05
2.93853700e+00	2.15391899e-04	2.70323245e-05
2.94369900e+00	1.35279842e-04	2.71822409e-05
2.94886100e+00	1.44753984e-04	2.74471407e-05
2.95402200e+00	2.08956347e-04	2.74745825e-05
2.95918400e+00	2.43391893e-04	2.77896733e-05
2.96434600e+00	1.61367856e-04	2.79329838e-05
2.96950800e+00	1.69903188e-04	2.77738917e-05
2.97466900e+00	2.11457142e-04	2.81672150e-05
2.97983100e+00	1.67521850e-04	2.83669512e-05
2.98499300e+00	1.64470505e-04	2.82610198e-05
2.99015500e+00	1.56383304e-04	2.83534825e-05
2.99531700e+00	2.22992610e-04	2.82845210e-05
3.00047800e+00	2.00937394e-04	2.77194363e-05
3.00564000e+00	1.26992086e-04	2.73247233e-05
3.01080200e+00	1.54787242e-04	2.74674912e-05
3.01596400e+00	1.66796350e-04	2.70972121e-05
3.02112500e+00	1.83346258e-04	2.70651253e-05
3.02628700e+00	1.81336141e-04	2.71284518e-05
3.03144900e+00	1.53933719e-04	2.69552913e-05
3.03661100e+00	1.68157686e-04	2.67599051e-05
3.04177200e+00	1.76219282e-04	2.68965051e-05
3.04693400e+00	2.20496003e-04	2.68321695e-05
3.05209600e+00	1.57667825e-04	2.66646916e-05
3.05725800e+00	1.35275559e-04	2.67442662e-05
3.06241900e+00	2.19796108e-04	2.66690796e-05
3.06758100e+00	1.40802094e-04	2.66187458e-05
3.07274300e+00	1.40435156e-04	2.68215755e-05
3.07790500e+00	1.43699810e-04	2.66134154e-05
3.08306600e+00	1.90315321e-04	2.65166694e-05
3.08822800e+00	1.38045252e-04	2.67526235e-05
3.09339000e+00	1.43196282e-04	2.65537535e-05
3.09855200e+00	1.39090859e-04	2.64947007e-05
3.10371400e+00	1.80649001e-04	2.66574385e-05
3.10887500e+00	1.95261418e-04	2.63971552e-05
3.11403700e+00	1.60113223e-04	2.65034863e-05
3.11919900e+00	1.70611650e-04	2.66235621e-05
3.12436100e+00	1.89658069e-04	2.64097672e-05
3.12952200e+00	1.73441023e-04	2.63911204e-05
3.13468400e+00	2.10385930e-04	2.65441588e-05
3.13984600e+00	2.05247750e-04	2.62154566e-05
3.14500800e+00	1.71836395e-04	2.63333907e-05
3.15016900e+00	2.03702803e-04	2.62975060e-05
3.15533100e+00	2.25028236e-04	2.61922600e-05
3.16049300e+00	1.69002643e-04	2.61201478e-05
3.16565500e+00	1.82748782e-04	2.63043688e-05
3.17081600e+00	1.89235543e-04	2.60602955e-05
3.17597800e+00	1.82377465e-04	2.61323410e-05
3.18114000e+00	1.71622990e-04	2.60879468e-05
3.18630200e+00	1.60787418e-04	2.60122842e-05
3.19146300e+00	1.68537569e-04	2.60544512e-05
3.19662500e+00	1.75877854e-04	2.61233460e-05
3.20178700e+00	1.24333379e-04	2.59872125e-05
3.20694900e+00	1.66454922e-04	2.61359009e-05
3.21211100e+00	1.78536656e-04	2.61469995e-05
3.21727200e+00	1.42368363e-04	2.59962360e-05
3.22243400e+00	1.61577072e-04	2.61272772e-05
3.22759600e+00	1.72472231e-04	2.61885573e-05
3.23275800e+00	1.45304534e-04	2.60210698e-05
3.23791900e+00	1.61414877e-04	2.61208808e-05
3.24308100e+00	1.64180286e-04	2.61016819e-05
3.24824300e+00	1.57445949e-04	2.60758678e-05
3.25340500e+00	2.07833926e-04	2.61779442e-05
3.25856600e+00	1.96814932e-04	2.62332752e-05
3.26372800e+00	1.28208360e-04	2.59655103e-05
3.26889000e+00	1.34123250e-04	2.61702818e-05
3.27405200e+00	1.82987791e-04	2.61601826e-05
3.27921300e+00	1.74614654e-04	2.60919445e-05
3.28437500e+00	1.70052533e-04	2.61386803e-05
3.28953700e+00	1.63010939e-04	2.61693204e-05
3.29469900e+00	1.70393962e-04	2.60393453e-05
3.29986000e+00	1.51373052e-04	2.62384532e-05
3.30502200e+00	1.63697984e-04	2.62279543e-05
3.31018400e+00	1.73138049e-04	2.60232686e-05
3.31534600e+00	1.25182620e-04	2.61979140e-05
3.32050700e+00	1.46324441e-04	2.60646264e-05
3.32566900e+00	1.80265025e-04	2.61737370e-05
3.33083100e+00	1.07518858e-04	2.60713751e-05
3.33599300e+00	1.69514833e-04	2.61145319e-05
3.34115400e+00	1.70184840e-04	2.59560109e-05
3.34631600e+00	1.42445177e-04	2.61232985e-05
3.35147800e+00	1.88266845e-04	2.59975591e-05
3.35664000e+00	1.97937258e-04	2.60386505e-05
3.36180100e+00	1.37063704e-04	2.61681591e-05
3.36696300e+00	1.06840284e-04	2.60129791e-05
3.37212500e+00	1.21674577e-04	2.59684611e-05
3.37728700e+00	1.05513025e-04	2.60858051e-05
3.38244800e+00	1.54095819e-04	2.60651975e-05
3.38761000e+00	1.72416833e-04	2.60624181e-05
3.39277200e+00	1.42257472e-04	2.61611535e-05
3.39793400e+00	1.66493281e-04	2.60805699e-05
3.40309500e+00	1.18281804e-04	2.60398307e-05
3.40825700e+00	1.66809105e-04	2.63538650e-05
3.41341900e+00	1.81728779e-04	2.60671393e-05
3.41858100e+00	1.65908655e-04	2.59965406e-05
3.42374300e+00	1.33909940e-04	2.61748030e-05
3.42890400e+00	1.34831711e-04	2.60331773e-05
3.43406600e+00	1.74311680e-04	2.60074774e-05
3.43922800e+00	1.14803650e-04	2.62881303e-05
3.44439000e+00	1.41399665e-04	2.60420390e-05
3.44955100e+00	1.79688870e-04	2.60544131e-05
3.45471300e+00	1.93114902e-04	2.62612881e-05
3.45987500e+00	1.36858866e-04	2.60891556e-05
3.46503700e+00	1.23074368e-04	2.59601419e-05
3.47019800e+00	1.68230312e-04	2.61906989e-05
3.47536000e+00	1.61133225e-04	2.60631606e-05
3.48052200e+00	1.84673422e-04	2.60069348e-05
3.48568400e+00	1.59229811e-04	2.61955153e-05
3.49084500e+00	1.60996634e-04	2.60002528e-05
3.49600700e+00	8.79986555e-05	2.60215743e-05
3.50116900e+00	1.62784779e-04	2.63074338e-05
3.50633100e+00	1.88339376e-04	2.61651703e-05
3.51149200e+00	1.14449466e-04	2.59802735e-05
3.51665400e+00	1.42342758e-04	2.62811437e-05
3.52181600e+00	1.30491562e-04	2.60482927e-05
3.52697800e+00	1.39517573e-04	2.60602670e-05
3.53214000e+00	2.01266067e-04	2.62476100e-05
3.53730100e+00	1.68469226e-04	2.61222990e-05
3.54246300e+00	1.52486907e-04	2.60571830e-05
3.54762500e+00	1.69971436e-04	2.62795446e-05
3.55278700e+00	1.77388630e-04	2.61353584e-05
3.55794800e+00	1.60992351e-04	2.60257053e-05
3.56311000e+00	1.29638038e-04	2.62667137e-05
3.56827200e+00	1.82121417e-04	2.61122284e-05
3.57343400e+00	1.35412149e-04	2.59430371e-05
3.57859500e+00	1.36474699e-04	2.62443452e-05
3.58375700e+00	1.32296745e-04	2.60510531e-05
3.58891900e+00	1.66390862e-04	2.61282576e-05
3.59408100e+00	1.79381613e-04	2.61986278e-05
3.59924200e+00	1.56797263e-04	2.61324457e-05
3.60440400e+00	1.58243980e-04	2.59716593e-05
3.60956600e+00	8.86003864e-05	2.62974013e-05
3.61472800e+00	1.48227855e-04	2.59872601e-05
3.61988900e+00	1.15332973e-04	2.61486177e-05
3.62505100e+00	1.96703946e-04	2.61677594e-05
3.63021300e+00	1.23804151e-04	2.60663398e-05
3.63537500e+00	1.51983378e-04	2.61249832e-05
3.64053700e+00	1.51373052e-04	2.63487917e-05
3.64569800e+00	1.26083070e-04	2.60686432e-05
3.65086000e+00	1.43938915e-04	2.61568892e-05
3.65602200e+00	1.36397980e-04	2.62504085e-05
3.66118400e+00	1.82825596e-04	2.60138072e-05
3.66634500e+00	1.21555120e-04	2.62283160e-05
3.67150700e+00	1.19109723e-04	2.62252892e-05
3.67666900e+00	1.57369135e-04	2.60666444e-05
3.68183100e+00	1.28229681e-04	2.61606110e-05
3.68699200e+00	1.47549281e-04	2.61974476e-05
3.69215400e+00	1.84084608e-04	2.60902693e-05
3.69731600e+00	1.12977145e-04	2.61632952e-05
3.70247800e+00	1.42470782e-04	2.62124677e-05
3.70763900e+00	1.18789711e-04	2.61482750e-05
3.71280100e+00	1.30845745e-04	2.61574889e-05
3.71796300e+00	1.38587235e-04	2.62247181e-05
3.72312500e+00	1.22366001e-04	2.59361838e-05
3.72828700e+00	1.58115956e-04	2.62429555e-05
3.73344800e+00	1.14440995e-04	2.62159801e-05
3.73861000e+00	1.17893449e-04	2.60980935e-05
3.74377200e+00	1.53092950e-04	2.62299913e-05
3.74893400e+00	1.32454657e-04	2.66508136e-05
3.75409500e+00	1.56801547e-04	2.70193794e-05
3.75925700e+00	2.18631044e-04	2.74854716e-05
3.76441900e+00	1.28187038e-04	2.74396401e-05
3.76958100e+00	1.49341710e-04	2.78009337e-05
3.77474200e+00	1.46934767e-04	2.78880946e-05
3.77990400e+00	8.46955178e-05	2.78982413e-05
3.78506600e+00	1.49474017e-04	2.80721157e-05
3.79022800e+00	1.34319616e-04	2.83140664e-05
3.79538900e+00	1.57736073e-04	2.80379443e-05
3.80055100e+00	1.35898640e-04	2.82471894e-05
3.80571300e+00	1.30252553e-04	2.82578026e-05
3.81087500e+00	1.25758774e-04	2.82263249e-05
3.81603600e+00	1.27696265e-04	2.74704800e-05
3.82119800e+00	1.40264394e-04	2.74734879e-05
3.82636000e+00	1.05163125e-04	2.71446428e-05
3.83152200e+00	1.21119839e-04	2.69257554e-05
3.83668400e+00	1.05747846e-04	2.72309089e-05
3.84184500e+00	1.17035642e-04	2.69932416e-05
3.84700700e+00	1.22280620e-04	2.69402521e-05
3.85216900e+00	1.55999233e-04	2.70603851e-05
3.85733100e+00	1.48005884e-04	2.69150090e-05
3.86249200e+00	1.25054596e-04	2.67897932e-05
3.86765400e+00	1.55269449e-04	2.70472305e-05
3.87281600e+00	1.67726593e-04	2.70058536e-05
3.87797800e+00	1.49653250e-04	2.69102974e-05
3.88313900e+00	1.34328183e-04	2.71613097e-05
3.88830100e+00	8.78151674e-05	2.69552628e-05
3.89346300e+00	1.29992222e-04	2.68098867e-05
3.89862500e+00	1.30722005e-04	2.71091864e-05
3.90378600e+00	1.69706821e-04	2.68451242e-05
3.90894800e+00	1.40789339e-04	2.67833492e-05
3.91411000e+00	9.67473449e-05	2.69821716e-05
3.91927200e+00	1.88100367e-04	2.69510937e-05
3.92443300e+00	1.49994679e-04	2.67403256e-05
3.92959500e+00	1.72412550e-04	2.71308124e-05
3.93475700e+00	1.54104385e-04	2.69565954e-05
3.93991900e+00	1.26923743e-04	2.67782758e-05
3.94508000e+00	1.58342116e-04	2.70606325e-05
3.95024200e+00	9.46007237e-05	2.69069183e-05
3.95540400e+00	1.84208348e-04	2.68505878e-05
3.96056600e+00	1.31016507e-04	2.71878568e-05
3.96572700e+00	1.17155195e-04	2.69820288e-05
3.97088900e+00	1.09281398e-04	2.69772505e-05
3.97605100e+00	1.11299986e-04	2.72295002e-05
3.98121300e+00	1.04531477e-04	2.69238422e-05
3.98637400e+00	1.19050042e-04	2.70128211e-05
3.99153600e+00	1.56366171e-04	2.72114341e-05
3.99669800e+00	1.36803373e-04	2.69593176e-05
4.00186000e+00	1.52337562e-04	2.70482680e-05
4.00702100e+00	1.34682366e-04	2.71986508e-05
4.01218300e+00	1.50374467e-04	2.69345410e-05
4.01734500e+00	1.26155696e-04	2.72792534e-05
4.02250700e+00	1.22558084e-04	2.71922829e-05
4.02766800e+00	1.58692111e-04	2.70904921e-05
4.03283000e+00	1.17142440e-04	2.71830595e-05
4.03799200e+00	1.57155730e-04	2.72352303e-05
4.04315400e+00	1.00852768e-04	2.69668468e-05
4.04831600e+00	1.13847707e-04	2.72076457e-05
4.05347700e+00	1.52614931e-04	2.72569611e-05
4.05863900e+00	1.48095548e-04	2.71180100e-05
4.06380100e+00	1.18998737e-04	2.72803671e-05
4.06896300e+00	1.57428911e-04	2.71642699e-05
4.07412400e+00	9.32606715e-05	2.72647853e-05
4.07928600e+00	1.53647783e-04	2.73692698e-05
4.08444800e+00	1.56780130e-04	2.72020393e-05
4.08961000e+00	1.35484680e-04	2.72818900e-05
4.09477100e+00	1.03238484e-04	2.74351569e-05
4.09993300e+00	1.10608657e-04	2.72020584e-05
4.10509500e+00	1.44147941e-04	2.72304711e-05
4.11025700e+00	1.55448683e-04	2.74586200e-05
4.11541800e+00	1.94979766e-04	2.74040599e-05
4.12058000e+00	1.08235886e-04	2.73498616e-05
4.12574200e+00	1.00780237e-04	2.74694711e-05
4.13090400e+00	9.39477357e-05	2.72341072e-05
4.13606500e+00	1.41813625e-04	2.74761816e-05
4.14122700e+00	1.21849623e-04	2.75379091e-05
4.14638900e+00	7.85586757e-05	2.74167195e-05
4.15155100e+00	9.19676121e-05	2.74361849e-05
4.15671300e+00	1.04237070e-04	2.76601170e-05
4.16187400e+00	1.20556439e-04	2.74454749e-05
4.16703600e+00	1.01535625e-04	2.75746505e-05
4.17219800e+00	1.24311963e-04	2.77454123e-05
4.17736000e+00	1.15968809e-04	2.74998065e-05
4.18252100e+00	6.66263534e-05	2.75308178e-05
4.18768300e+00	1.19246313e-04	2.78506869e-05
4.19284500e+00	1.17321578e-04	2.74966464e-05
4.19800700e+00	1.16463771e-04	2.77144582e-05
4.20316800e+00	1.02986625e-04	2.77869796e-05
4.20833000e+00	1.17966075e-04	2.75886236e-05
4.21349200e+00	1.61944010e-04	2.77339044e-05
4.21865400e+00	8.83443198e-05	2.78164679e-05
4.22381500e+00	1.20321809e-04	2.76017687e-05
4.22897700e+00	1.25984934e-04	2.77419952e-05
4.23413900e+00	1.42278794e-04	2.78997643e-05
4.23930100e+00	1.46183662e-04	2.75524724e-05
4.24446200e+00	7.58444475e-05	2.77756335e-05
4.24962400e+00	1.03716313e-04	2.78541707e-05
4.25478600e+00	8.76359532e-05	2.75592115e-05
4.25994800e+00	1.25972084e-04	2.78299937e-05
4.26511000e+00	1.71674200e-04	2.79723333e-05
4.27027100e+00	8.35646346e-05	2.76772123e-05
4.27543300e+00	1.25058879e-04	2.85778811e-05
4.28059500e+00	1.04062120e-04	2.88942760e-05
4.28575700e+00	7.82855044e-05	2.93375143e-05
4.29091800e+00	1.21115556e-04	2.94125391e-05
4.29608000e+00	8.50625797e-05	2.96551847e-05
4.30124200e+00	8.39273370e-05	2.96823600e-05
4.30640400e+00	1.33005112e-04	2.96993124e-05
4.31156500e+00	6.22520231e-05	2.98000467e-05
4.31672700e+00	1.38715259e-04	3.00022672e-05
4.32188900e+00	1.65503167e-04	3.01267787e-05
4.32705100e+00	1.21068535e-04	3.01817004e-05
4.33221200e+00	1.27235379e-04	3.02307968e-05
4.33737400e+00	6.71768748e-05	3.03866908e-05
4.34253600e+00	1.18495209e-04	3.03908884e-05
4.34769800e+00	1.14009902e-04	3.05240903e-05
4.35285900e+00	9.18651740e-05	3.06061683e-05
4.35802100e+00	5.91579877e-05	3.08177930e-05
4.36318300e+00	9.73491043e-05	3.08631011e-05
4.36834500e+00	1.06003894e-04	3.09449031e-05
4.37350700e+00	1.44340025e-04	3.10460181e-05
4.37866800e+00	1.42923196e-04	3.09925527e-05
4.38383000e+00	1.15601776e-04	3.10987601e-05
4.38899200e+00	1.53459983e-04	3.11198340e-05
4.39415400e+00	1.25634939e-04	3.12858461e-05
4.39931500e+00	9.52707403e-05	3.11613537e-05
4.40447700e+00	1.33884335e-04	3.15427790e-05
4.40963900e+00	1.76919178e-04	3.14634803e-05
4.41480100e+00	1.03673765e-04	3.15858026e-05
4.41996200e+00	1.10886026e-04	3.17469412e-05
4.42512400e+00	1.15644419e-04	3.18114386e-05
4.43028600e+00	1.37349640e-04	3.18026911e-05
4.43544800e+00	1.39829113e-04	3.17157015e-05
4.44060900e+00	8.31421180e-05	3.19087557e-05
4.44577100e+00	1.38348225e-04	3.20944711e-05
4.45093300e+00	1.17756859e-04	3.21908078e-05
4.45609500e+00	1.51667555e-04	3.22003263e-05
4.46125700e+00	1.35271276e-04	3.22476332e-05
4.46641800e+00	1.25276472e-04	3.23629403e-05
4.47158000e+00	1.32800369e-04	3.24527188e-05
4.47674200e+00	7.64291308e-05	3.23776464e-05
4.48190400e+00	8.89461268e-05	3.23985109e-05
4.48706500e+00	9.52237189e-05	3.22328701e-05
4.49222700e+00	8.04876184e-05	3.23702791e-05
4.49738900e+00	1.06656767e-04	3.23492051e-05
4.50255100e+00	1.21853906e-04	3.25513971e-05
4.50771200e+00	1.12631433e-04	3.24253436e-05
4.51287400e+00	1.28387593e-04	3.25278769e-05
4.51803600e+00	1.22101387e-04	3.26422131e-05
4.52319800e+00	5.69857618e-05	3.24601051e-05
4.52835900e+00	1.45987296e-04	3.24996640e-05
4.53352100e+00	6.25592897e-05	3.24169959e-05
4.53868300e+00	1.44711341e-04	3.25181204e-05
4.54384500e+00	7.90963852e-05	3.25300566e-05
4.54900600e+00	1.26633524e-04	3.25574128e-05
4.55416800e+00	8.98636529e-05	3.23830053e-05
4.55933000e+00	9.19846407e-05	3.24709182e-05
4.56449200e+00	1.44088260e-04	3.25570035e-05
4.56965400e+00	1.33598400e-04	3.26231856e-05
4.57481500e+00	1.66113493e-04	3.24715273e-05
4.57997700e+00	6.93106936e-05	3.25660841e-05
4.58513900e+00	1.65127662e-04	3.24699949e-05
4.59030100e+00	1.03033551e-04	3.25721855e-05
4.59546200e+00	1.04941153e-04	3.25081831e-05
4.60062400e+00	3.99706854e-05	3.27217496e-05
4.60578600e+00	9.11012670e-05	3.26807154e-05
4.61094800e+00	4.68629250e-05	3.28071781e-05
4.61610900e+00	1.02781787e-04	3.30103219e-05
4.62127100e+00	1.36487549e-04	3.28871526e-05
4.62643300e+00	1.10856138e-04	3.29587221e-05
4.63159500e+00	1.23872399e-04	3.32059080e-05
4.63675600e+00	9.51427165e-05	3.32268202e-05
4.64191800e+00	9.73491043e-05	3.33133814e-05
4.64708000e+00	7.94847590e-05	3.33643244e-05
4.65224200e+00	9.84885637e-05	3.35013622e-05
4.65740300e+00	1.14146493e-04	3.34862563e-05
4.66256500e+00	9.95810017e-05	3.39058888e-05
4.66772700e+00	3.74826548e-05	3.38401350e-05
4.67288900e+00	1.09409422e-04	3.37366214e-05
4.67805100e+00	1.36022476e-04	3.39220227e-05
4.68321200e+00	1.41275830e-04	3.40398617e-05
4.68837400e+00	9.92950660e-05	3.42653739e-05
4.69353600e+00	1.33658176e-04	3.43349161e-05
4.69869800e+00	1.11180529e-04	3.44004319e-05
4.70385900e+00	5.79929236e-05	3.45235251e-05
4.70902100e+00	6.18935469e-05	3.47632961e-05
4.71418300e+00	1.08419308e-04	3.48005229e-05
4.71934500e+00	9.33289667e-05	3.49205988e-05
4.72450600e+00	1.86162876e-04	3.50410649e-05
4.72966800e+00	1.39129218e-04	3.50240648e-05
4.73483000e+00	1.70231766e-04	3.52573823e-05
4.73999200e+00	1.01202668e-04	3.52801220e-05
4.74515300e+00	9.75625090e-05	3.53462089e-05
4.75031500e+00	7.66169022e-05	3.56999258e-05
4.75547700e+00	1.07877324e-04	3.56329441e-05
4.76063900e+00	8.65945914e-05	3.58431887e-05
4.76580000e+00	1.01125949e-04	3.60999121e-05
4.77096200e+00	1.40302849e-04	3.58593321e-05
4.77612400e+00	1.02359261e-04	3.61013304e-05
4.78128600e+00	1.06703789e-04	3.61396138e-05
4.78644800e+00	9.48866499e-05	3.62714450e-05
4.79160900e+00	1.19839506e-04	3.64440439e-05
4.79677100e+00	8.47894083e-05	3.66016797e-05
4.80193300e+00	5.28077409e-05	3.66115694e-05
4.80709500e+00	9.13146241e-05	3.68631909e-05
4.81225600e+00	1.77755568e-04	3.69251088e-05
4.81741800e+00	1.47963241e-04	3.72419510e-05
4.82258000e+00	6.63489559e-05	3.70237870e-05
4.82774200e+00	1.81114265e-04	3.72884584e-05
4.83290300e+00	8.03084041e-05	3.72464628e-05
4.83806500e+00	1.14137926e-04	3.72864214e-05
4.84322700e+00	1.41975725e-04	3.76241282e-05
4.84838800e+00	6.00925995e-05	3.76780981e-05
4.85355000e+00	9.54542569e-05	3.77911017e-05
4.85871200e+00	6.84144889e-05	3.78981658e-05
4.86387300e+00	1.54868245e-04	3.81932202e-05
4.86903500e+00	5.89147330e-05	3.82470853e-05
4.87419700e+00	1.16839371e-04	3.81651025e-05
4.87935900e+00	8.04534660e-05	3.83161230e-05
4.88452100e+00	8.30823799e-05	3.84354564e-05
4.88968200e+00	1.48936317e-04	3.84720265e-05
4.89484400e+00	2.43297945e-05	3.83021879e-05
4.90000600e+00	1.10339760e-04	3.85950055e-05
4.90516800e+00	6.83547508e-05	3.87127398e-05
4.91032900e+00	2.23325472e-05	3.88692144e-05
4.91549100e+00	9.56078855e-05	3.95524426e-05
4.92065300e+00	9.40245785e-05	3.91779659e-05
4.92581500e+00	1.23915137e-04	3.94936468e-05
4.93097600e+00	9.94060517e-05	3.97170270e-05
4.93613800e+00	1.78336006e-04	3.97517885e-05
4.94130000e+00	6.95368817e-05	4.01018408e-05
4.94646200e+00	4.12979257e-05	4.03758212e-05
4.95162300e+00	1.05730713e-04	4.05488009e-05
4.95678500e+00	8.32317252e-05	4.07021724e-05
4.96194700e+00	1.16335747e-04	4.08625115e-05
4.96710900e+00	1.20539401e-04	4.14579697e-05
4.97227000e+00	1.01800239e-04	4.12232626e-05
4.97743200e+00	1.01091778e-04	4.14946445e-05
4.98259400e+00	6.79365176e-05	4.16003665e-05
4.98775600e+00	1.13647152e-04	4.19484484e-05
4.99291800e+00	1.24708884e-04	4.19998483e-05
4.99807900e+00	1.85962322e-04	4.21941875e-05
5.00324100e+00	1.01014963e-04	4.26148575e-05
5.00840300e+00	1.72288809e-04	4.27658589e-05
5.01356500e+00	1.35791938e-04	4.30882885e-05
5.01872600e+00	6.70403129e-05	4.33696934e-05
5.02388800e+00	4.41785753e-05	4.33410998e-05
5.02905000e+00	1.04394887e-04	4.34754439e-05
5.03421200e+00	8.42005083e-05	4.35335639e-05
5.03937300e+00	7.33180002e-05	4.39300283e-05
5.04453500e+00	9.71697758e-05	4.41143445e-05
5.04969700e+00	1.68208895e-04	4.38075062e-05
5.05485900e+00	1.79859537e-04	4.43523546e-05
5.06002000e+00	1.51667555e-04	4.48640500e-05
5.06518200e+00	9.11396837e-05	4.54580138e-05
5.07034400e+00	1.22451287e-04	4.59986359e-05
5.07550600e+00	1.38578668e-04	4.62117265e-05
5.08066700e+00	1.05568518e-04	4.67308844e-05
5.08582900e+00	1.43431008e-04	4.70790806e-05
5.09099100e+00	1.51979095e-04	4.76883691e-05
5.09615300e+00	2.76542917e-05	4.80071151e-05
5.10131500e+00	1.10297117e-04	4.84647359e-05
5.10647600e+00	9.27101311e-05	4.92513922e-05
5.11163800e+00	1.60027842e-04	4.98117366e-05
5.11680000e+00	1.43909027e-04	5.08089896e-05
5.12196200e+00	7.77776544e-05	5.08843571e-05
5.12712300e+00	8.30226418e-05	5.14195251e-05
5.13228500e+00	9.49634261e-05	5.20936442e-05
5.13744700e+00	1.04173011e-05	5.24289047e-05
5.14260900e+00	1.63796215e-04	5.40529508e-05
5.14777000e+00	1.05922701e-04	5.52296656e-05
5.15293200e+00	2.13134302e-04	5.60668936e-05
5.15809400e+00	9.91756088e-05	5.72461213e-05
5.16325600e+00	2.28672869e-04	5.79978351e-05
5.16841700e+00	-4.09693091e-06	6.06086830e-05
5.17357900e+00	1.01923980e-04	6.35500225e-05
5.17874100e+00	1.41472101e-05	6.40553977e-05
5.18390300e+00	1.82082963e-04	6.55174009e-05
5.18906500e+00	7.94463328e-05	6.54897972e-05
5.19422600e+00	6.20599778e-05	7.00267131e-05
5.19938800e+00	1.17496623e-04	7.34149652e-05
5.20455000e+00	3.99877616e-05	7.78820819e-05
5.20971200e+00	1.86850017e-04	1.11731935e-04
