q[nm-1]	merged(TipAS_1.96mgml-1_20deg_sub_ave_cm-1_divconc_nm-1.dat_00001_[493]TipAS_NaP_20deg_1-2_ave_sub_cm-1_divconc.dat_00001_[TipAS_NaP_20deg_1-2_ave_sub.dat],scale_high,lq=0.9058,hq=1.0031)	error
1.14692100e-01	2.13495200e-02	1.86576400e-03
1.27435600e-01	2.01898100e-02	1.30909900e-03
1.40179000e-01	1.95995300e-02	1.22445500e-03
1.52922400e-01	1.70505500e-02	1.06522000e-03
1.65665800e-01	1.84994000e-02	9.55618900e-04
1.78409200e-01	1.80637400e-02	9.45229100e-04
1.91152500e-01	1.81059700e-02	8.30259200e-04
2.03895700e-01	1.86531300e-02	8.36581600e-04
2.16639000e-01	1.58014500e-02	7.21978100e-04
2.29382100e-01	1.69815800e-02	7.12472400e-04
2.42125300e-01	1.63606700e-02	6.60401000e-04
2.54868300e-01	1.58758300e-02	6.18880600e-04
2.67611300e-01	1.81902100e-02	5.93151500e-04
2.80354300e-01	1.46316400e-02	5.35799500e-04
2.93097200e-01	1.55984700e-02	5.26905600e-04
3.05840000e-01	1.66121600e-02	4.92141800e-04
3.18582800e-01	1.58774200e-02	4.69577700e-04
3.31325500e-01	1.48083300e-02	4.45372800e-04
3.44068100e-01	1.57931600e-02	4.23781500e-04
3.56810600e-01	1.44788600e-02	4.14268600e-04
3.69553100e-01	1.43094600e-02	3.91426700e-04
3.82295500e-01	1.43995000e-02	3.85268000e-04
3.95037800e-01	1.32611200e-02	3.68149500e-04
4.07780000e-01	1.21462400e-02	3.52065600e-04
4.20522100e-01	1.28422400e-02	3.60274400e-04
4.33264100e-01	1.30015800e-02	3.36805400e-04
4.46006100e-01	1.21974400e-02	3.48355600e-04
4.58747900e-01	1.25221300e-02	3.27997800e-04
4.71489600e-01	1.18873400e-02	3.25200100e-04
4.84231300e-01	1.15269200e-02	3.24038800e-04
4.96972800e-01	1.06421500e-02	3.06740900e-04
5.09714200e-01	1.12451100e-02	3.11965800e-04
5.22455500e-01	1.06393200e-02	2.95779200e-04
5.35196700e-01	1.07208300e-02	2.99010000e-04
5.47937800e-01	1.05614800e-02	2.91536300e-04
5.60678700e-01	9.74030600e-03	2.78420600e-04
5.73419600e-01	9.84528600e-03	2.83981700e-04
5.86160300e-01	1.00841000e-02	2.71199100e-04
5.98900800e-01	9.75988800e-03	2.72443200e-04
6.11641300e-01	9.27578100e-03	2.67266500e-04
6.24381600e-01	9.23324000e-03	2.56344900e-04
6.37121700e-01	8.89555600e-03	2.63065400e-04
6.49861800e-01	8.70508200e-03	2.48143200e-04
6.62601700e-01	8.41860200e-03	2.52659500e-04
6.75341400e-01	8.03004100e-03	2.41943400e-04
6.88081000e-01	8.22673500e-03	2.45142200e-04
7.00820400e-01	8.07454600e-03	2.42612100e-04
7.13559700e-01	7.71105100e-03	2.32316900e-04
7.26298800e-01	7.03233200e-03	2.34313300e-04
7.39037800e-01	7.15601000e-03	2.26743400e-04
7.51776600e-01	6.68557700e-03	2.28408600e-04
7.64515300e-01	6.26413300e-03	2.22249600e-04
7.77253700e-01	7.14540800e-03	2.22149400e-04
7.89992000e-01	6.47417900e-03	2.15829700e-04
8.02730200e-01	6.39637200e-03	2.12833600e-04
8.15468100e-01	5.60260200e-03	2.10207800e-04
8.28205900e-01	5.88052600e-03	2.09087400e-04
8.40943500e-01	5.25212200e-03	2.04209100e-04
8.53680900e-01	5.11528100e-03	2.06846100e-04
8.66418100e-01	5.60457700e-03	1.96267900e-04
8.79155100e-01	4.82441100e-03	2.00043600e-04
8.91892000e-01	5.13510200e-03	1.92407000e-04
9.04628600e-01	5.52543900e-03	1.96816100e-04
9.30101300e-01	4.74188102e-03	1.92204013e-04
9.42837300e-01	4.75116522e-03	1.89709590e-04
9.55573100e-01	4.46877866e-03	1.85884594e-04
9.68308700e-01	4.55442038e-03	1.85688884e-04
9.81044100e-01	4.40303491e-03	1.84685026e-04
9.93779300e-01	4.27075115e-03	1.84372200e-04
1.01320100e+00	4.09289490e-03	3.02212415e-05
1.01836200e+00	3.95750016e-03	3.03400363e-05
1.02352400e+00	3.96565499e-03	3.05192316e-05
1.02868600e+00	3.86387823e-03	3.01039633e-05
1.03384800e+00	3.82016451e-03	3.02256615e-05
1.03900900e+00	3.79669869e-03	3.02043197e-05
1.04417100e+00	3.77821232e-03	2.99625322e-05
1.04933300e+00	3.71387249e-03	3.00084245e-05
1.05449500e+00	3.72590362e-03	3.01914851e-05
1.05965600e+00	3.64249764e-03	2.99720935e-05
1.06481800e+00	3.59605146e-03	2.99699667e-05
1.06998000e+00	3.51524109e-03	3.01063490e-05
1.07514200e+00	3.46973162e-03	2.97230009e-05
1.08030300e+00	3.44940420e-03	2.98813446e-05
1.08546500e+00	3.40947153e-03	3.00010177e-05
1.09062700e+00	3.37706767e-03	2.96319191e-05
1.09578900e+00	3.36534724e-03	2.97629844e-05
1.10095000e+00	3.32125532e-03	2.99120904e-05
1.10611200e+00	3.26645643e-03	2.95007798e-05
1.11127400e+00	3.23103347e-03	3.00736150e-05
1.11643600e+00	3.12645398e-03	3.03743052e-05
1.12159800e+00	3.20329744e-03	3.04934143e-05
1.12675900e+00	3.11843231e-03	3.07019131e-05
1.13192100e+00	3.08207263e-03	3.09516714e-05
1.13708300e+00	3.04203640e-03	3.08079009e-05
1.14224500e+00	3.01864548e-03	3.07115114e-05
1.14740600e+00	2.97443797e-03	3.09575062e-05
1.15256800e+00	2.96482398e-03	3.09311988e-05
1.15773000e+00	2.92250747e-03	3.10059876e-05
1.16289200e+00	2.80508775e-03	3.08318226e-05
1.16805300e+00	2.77806096e-03	3.07259642e-05
1.17321500e+00	2.79544510e-03	3.08573902e-05
1.17837700e+00	2.78297013e-03	3.03053789e-05
1.18353900e+00	2.74260563e-03	2.98142954e-05
1.18870000e+00	2.68316665e-03	3.02298504e-05
1.19386200e+00	2.62221027e-03	3.01446588e-05
1.19902400e+00	2.61299020e-03	2.98565814e-05
1.20418600e+00	2.62376467e-03	3.03384181e-05
1.20934700e+00	2.57534151e-03	3.01694682e-05
1.21450900e+00	2.55185904e-03	2.99504280e-05
1.21967100e+00	2.50599357e-03	3.01482096e-05
1.22483300e+00	2.50964147e-03	3.00344730e-05
1.22999500e+00	2.41696919e-03	2.96970819e-05
1.23515600e+00	2.44728418e-03	3.02276866e-05
1.24031800e+00	2.40288988e-03	2.99410979e-05
1.24548000e+00	2.42716018e-03	2.98413518e-05
1.25064200e+00	2.31471252e-03	2.99189701e-05
1.25580300e+00	2.27677717e-03	2.98524758e-05
1.26096500e+00	2.27464669e-03	2.97511577e-05
1.26612700e+00	2.19031510e-03	2.99759032e-05
1.27128900e+00	2.26154940e-03	2.97466082e-05
1.27645000e+00	2.22882653e-03	2.95566217e-05
1.28161200e+00	2.15219852e-03	2.97210868e-05
1.28677400e+00	2.07684288e-03	2.95555583e-05
1.29193600e+00	2.15976894e-03	3.01804905e-05
1.29709700e+00	2.10434682e-03	3.04159994e-05
1.30225900e+00	2.10801136e-03	3.03337946e-05
1.30742100e+00	2.03394196e-03	3.06302312e-05
1.31258300e+00	1.95323423e-03	3.08003092e-05
1.31774400e+00	1.97645963e-03	3.07423590e-05
1.32290600e+00	1.93201170e-03	3.08462939e-05
1.32806800e+00	1.98004095e-03	3.13295916e-05
1.33323000e+00	1.97230870e-03	3.10691716e-05
1.33839100e+00	1.88911910e-03	3.15007237e-05
1.34355300e+00	1.87025453e-03	3.14253801e-05
1.34871500e+00	1.86069418e-03	3.13824191e-05
1.35387700e+00	1.80093619e-03	3.14436334e-05
1.35903800e+00	1.80295941e-03	3.09975730e-05
1.36420000e+00	1.81642102e-03	3.07572187e-05
1.36936200e+00	1.79110213e-03	3.03584376e-05
1.37452400e+00	1.76479197e-03	3.05203320e-05
1.37968600e+00	1.68914690e-03	3.04406701e-05
1.38484700e+00	1.69682552e-03	3.01399614e-05
1.39000900e+00	1.68694984e-03	3.02842498e-05
1.39517100e+00	1.68571816e-03	2.98758612e-05
1.40033300e+00	1.63409465e-03	2.99774197e-05
1.40549400e+00	1.64400639e-03	2.99369368e-05
1.41065600e+00	1.64282556e-03	2.98265105e-05
1.41581800e+00	1.65217046e-03	2.95650456e-05
1.42098000e+00	1.62651128e-03	2.98816959e-05
1.42614100e+00	1.60084100e-03	2.96852551e-05
1.43130300e+00	1.47849640e-03	2.94968036e-05
1.43646500e+00	1.49500949e-03	2.96105033e-05
1.44162700e+00	1.49316843e-03	2.94362643e-05
1.44678800e+00	1.47131157e-03	2.93089716e-05
1.45195000e+00	1.49186647e-03	2.94860587e-05
1.45711200e+00	1.45347988e-03	2.91618260e-05
1.46227400e+00	1.42699680e-03	2.90687746e-05
1.46743500e+00	1.39724125e-03	2.91752987e-05
1.47259700e+00	1.40860567e-03	2.92624228e-05
1.47775900e+00	1.40897000e-03	2.88900878e-05
1.48292100e+00	1.38479124e-03	2.90495133e-05
1.48808300e+00	1.36700949e-03	2.89076569e-05
1.49324400e+00	1.34812180e-03	2.88295669e-05
1.49840600e+00	1.27734707e-03	2.90191188e-05
1.50356800e+00	1.29102044e-03	2.87666789e-05
1.50873000e+00	1.30444876e-03	2.86917421e-05
1.51389100e+00	1.19273068e-03	2.88543763e-05
1.51905300e+00	1.21662278e-03	2.88018725e-05
1.52421500e+00	1.17832773e-03	2.87060193e-05
1.52937700e+00	1.20619599e-03	2.87169029e-05
1.53453800e+00	1.17417310e-03	2.86686156e-05
1.53970000e+00	1.16430298e-03	2.84580178e-05
1.54486200e+00	1.16485779e-03	2.87309211e-05
1.55002400e+00	1.16672289e-03	2.85086168e-05
1.55518500e+00	1.15407408e-03	2.84298241e-05
1.56034700e+00	1.15926065e-03	2.86709643e-05
1.56550900e+00	1.08378111e-03	2.85097912e-05
1.57067100e+00	1.08001670e-03	2.81661029e-05
1.57583200e+00	1.01447109e-03	2.84486600e-05
1.58099400e+00	1.06942809e-03	2.83345812e-05
1.58615600e+00	1.02330556e-03	2.81994010e-05
1.59131800e+00	1.03672556e-03	2.83231243e-05
1.59648000e+00	1.05378144e-03	2.82001130e-05
1.60164100e+00	9.52693574e-04	2.80229334e-05
1.60680300e+00	1.04051124e-03	2.82491307e-05
1.61196500e+00	9.68737844e-04	2.80788308e-05
1.61712700e+00	9.49982388e-04	2.79906526e-05
1.62228800e+00	9.35202167e-04	2.80870606e-05
1.62745000e+00	9.79089731e-04	2.80204645e-05
1.63261200e+00	9.47320209e-04	2.78165245e-05
1.63777400e+00	9.03034290e-04	2.80798018e-05
1.64293500e+00	9.27271114e-04	2.78690190e-05
1.64809700e+00	8.88719003e-04	2.78092102e-05
1.65325900e+00	9.03668719e-04	2.79222164e-05
1.65842100e+00	9.22660803e-04	2.79002273e-05
1.66358200e+00	8.91160550e-04	2.76669654e-05
1.66874400e+00	9.17818579e-04	2.78800043e-05
1.67390600e+00	8.14097754e-04	2.77453327e-05
1.67906800e+00	8.61501446e-04	2.75352250e-05
1.68422900e+00	9.05061669e-04	2.77575109e-05
1.68939100e+00	8.03948651e-04	2.76469089e-05
1.69455300e+00	8.25005194e-04	2.75188025e-05
1.69971500e+00	7.93442618e-04	2.79051374e-05
1.70487600e+00	8.15449094e-04	2.73985653e-05
1.71003800e+00	7.98210682e-04	2.74687399e-05
1.71520000e+00	8.03815773e-04	2.75005214e-05
1.72036200e+00	7.70789785e-04	2.74146919e-05
1.72552300e+00	6.98403046e-04	2.72679900e-05
1.73068500e+00	7.92866722e-04	2.74272214e-05
1.73584700e+00	7.65503711e-04	2.72954163e-05
1.74100900e+00	7.59454769e-04	2.71791275e-05
1.74617100e+00	7.15405292e-04	2.75629934e-05
1.75133200e+00	6.99547348e-04	2.72185562e-05
1.75649400e+00	6.95326885e-04	2.70463792e-05
1.76165600e+00	7.15662263e-04	2.72473787e-05
1.76681800e+00	7.51540176e-04	2.70365682e-05
1.77197900e+00	7.23406807e-04	2.69592643e-05
1.77714100e+00	6.99497599e-04	2.70691913e-05
1.78230300e+00	6.58847463e-04	2.69794780e-05
1.78746500e+00	6.52243060e-04	2.67724217e-05
1.79262600e+00	6.62844059e-04	2.70418297e-05
1.79778800e+00	6.99717305e-04	2.67593374e-05
1.80295000e+00	5.91531160e-04	2.65213226e-05
1.80811200e+00	6.42545945e-04	2.68063301e-05
1.81327300e+00	6.28814876e-04	2.66850849e-05
1.81843500e+00	5.87940872e-04	2.65354241e-05
1.82359700e+00	6.06887369e-04	2.67302652e-05
1.82875900e+00	6.27803267e-04	2.66207728e-05
1.83392000e+00	6.09105419e-04	2.65804009e-05
1.83908200e+00	5.56710074e-04	2.66235099e-05
1.84424400e+00	5.44637342e-04	2.65503578e-05
1.84940600e+00	5.60229901e-04	2.63035585e-05
1.85456800e+00	5.35089378e-04	2.66185074e-05
1.85972900e+00	5.73699745e-04	2.65572282e-05
1.86489100e+00	5.33920295e-04	2.62820502e-05
1.87005300e+00	5.46026131e-04	2.65811129e-05
1.87521500e+00	5.54073325e-04	2.64167033e-05
1.88037600e+00	5.37606010e-04	2.63605470e-05
1.88553800e+00	5.43008040e-04	2.65458268e-05
1.89070000e+00	4.70360077e-04	2.63281459e-05
1.89586200e+00	5.41262599e-04	2.62113115e-05
1.90102300e+00	5.37722059e-04	2.64070866e-05
1.90618500e+00	4.88954267e-04	2.62962442e-05
1.91134700e+00	4.71384077e-04	2.61535093e-05
1.91650900e+00	4.52561951e-04	2.63582815e-05
1.92167000e+00	4.42226338e-04	2.61457326e-05
1.92683200e+00	4.67739879e-04	2.62771216e-05
1.93199400e+00	4.60882667e-04	2.62770291e-05
1.93715600e+00	4.92341493e-04	2.60643323e-05
1.94231700e+00	4.67785559e-04	2.60441464e-05
1.94747900e+00	4.62254997e-04	2.62116999e-05
1.95264100e+00	4.60650478e-04	2.60924983e-05
1.95780300e+00	4.82022432e-04	2.60132340e-05
1.96296400e+00	4.51293278e-04	2.61374289e-05
1.96812600e+00	4.55945016e-04	2.60549560e-05
1.97328800e+00	4.75530010e-04	2.60032012e-05
1.97845000e+00	4.36082153e-04	2.61465649e-05
1.98361100e+00	4.50559538e-04	2.60173027e-05
1.98877300e+00	4.27404876e-04	2.58541876e-05
1.99393500e+00	4.34506761e-04	2.60033953e-05
1.99909700e+00	3.98242884e-04	2.58545113e-05
2.00425900e+00	4.41405492e-04	2.58577846e-05
2.00942000e+00	4.15174577e-04	2.60236368e-05
2.01458200e+00	4.17944019e-04	2.59283661e-05
2.01974400e+00	3.89698300e-04	2.58234140e-05
2.02490600e+00	4.08582658e-04	2.58638136e-05
2.03006700e+00	4.27703366e-04	2.58383015e-05
2.03522900e+00	3.71522809e-04	2.56484352e-05
2.04039100e+00	4.01124306e-04	2.58806799e-05
2.04555300e+00	3.32995387e-04	2.57151515e-05
2.05071400e+00	3.63935925e-04	2.57026127e-05
2.05587600e+00	3.73782377e-04	2.58449407e-05
2.06103800e+00	4.18719370e-04	2.56843131e-05
2.06620000e+00	3.73189467e-04	2.57039812e-05
2.07136200e+00	3.42348426e-04	2.57445750e-05
2.07652300e+00	3.45801952e-04	2.56024874e-05
2.08168500e+00	3.98193136e-04	2.55614682e-05
2.08684700e+00	3.57874684e-04	2.56924041e-05
2.09200800e+00	3.58123426e-04	2.56197698e-05
2.09717000e+00	3.39972808e-04	2.55135971e-05
2.10233200e+00	3.04907142e-04	2.56240881e-05
2.10749400e+00	3.44052349e-04	2.56073143e-05
2.11265500e+00	3.28783153e-04	2.61832565e-05
2.11781700e+00	3.15798401e-04	2.64510648e-05
2.12297900e+00	3.63716126e-04	2.64631967e-05
2.12814100e+00	3.33754094e-04	2.67101717e-05
2.13330200e+00	3.11387174e-04	2.69151844e-05
2.13846400e+00	3.75880126e-04	2.69509421e-05
2.14362600e+00	3.62439317e-04	2.72804918e-05
2.14878800e+00	3.23534529e-04	2.73453680e-05
2.15394900e+00	3.27099943e-04	2.73714534e-05
2.15911100e+00	3.62571917e-04	2.75658322e-05
2.16427300e+00	2.98472790e-04	2.76567753e-05
2.16943500e+00	2.94857628e-04	2.75757911e-05
2.17459700e+00	2.87030233e-04	2.74937435e-05
2.17975800e+00	2.26193962e-04	2.72000994e-05
2.18492000e+00	2.75222794e-04	2.68251752e-05
2.19008200e+00	2.97266349e-04	2.66337370e-05
2.19524400e+00	3.20893619e-04	2.68051465e-05
2.20040500e+00	3.18128338e-04	2.66224465e-05
2.20556700e+00	2.73108493e-04	2.63220707e-05
2.21072900e+00	2.61611934e-04	2.63786894e-05
2.21589100e+00	2.88054233e-04	2.62190512e-05
2.22105200e+00	2.58183374e-04	2.60305349e-05
2.22621400e+00	2.69368961e-04	2.61932801e-05
2.23137600e+00	2.96184279e-04	2.59956557e-05
2.23653800e+00	2.62258661e-04	2.60617524e-05
2.24169900e+00	2.85272400e-04	2.61008390e-05
2.24686100e+00	2.48701804e-04	2.59496617e-05
2.25202300e+00	2.75392844e-04	2.57594810e-05
2.25718500e+00	2.78079341e-04	2.59586867e-05
2.26234700e+00	2.70214588e-04	2.57393783e-05
2.26750800e+00	2.98825189e-04	2.57352819e-05
2.27267000e+00	2.67428595e-04	2.59022252e-05
2.27783200e+00	2.56400668e-04	2.56910356e-05
2.28299400e+00	2.73348912e-04	2.57378988e-05
2.28815500e+00	2.93543369e-04	2.59494583e-05
2.29331700e+00	2.15646873e-04	2.56309216e-05
2.29847900e+00	2.93369250e-04	2.57105558e-05
2.30364100e+00	2.20327554e-04	2.57598879e-05
2.30880200e+00	2.37939170e-04	2.55503350e-05
2.31396400e+00	2.24664065e-04	2.55135971e-05
2.31912600e+00	2.19825910e-04	2.56835918e-05
2.32428800e+00	2.19220517e-04	2.53981775e-05
2.32944900e+00	2.05153693e-04	2.55835868e-05
2.33461100e+00	1.95228457e-04	2.56236535e-05
2.33977300e+00	2.41251681e-04	2.54500063e-05
2.34493500e+00	2.41289039e-04	2.54193436e-05
2.35009600e+00	2.17864831e-04	2.54990610e-05
2.35525800e+00	2.30430977e-04	2.52673988e-05
2.36042000e+00	2.15597125e-04	2.53760035e-05
2.36558200e+00	2.46355222e-04	2.54508200e-05
2.37074400e+00	2.57258778e-04	2.53673946e-05
2.37590500e+00	1.67301941e-04	2.52827949e-05
2.38106700e+00	2.47375153e-04	2.55292243e-05
2.38622900e+00	2.22238792e-04	2.51695205e-05
2.39139100e+00	2.44580745e-04	2.52861053e-05
2.39655200e+00	2.29858872e-04	2.53764658e-05
2.40171400e+00	2.42404213e-04	2.51730066e-05
2.40687600e+00	2.18300174e-04	2.52134432e-05
2.41203800e+00	2.30729466e-04	2.52645508e-05
2.41719900e+00	2.42205220e-04	2.50845971e-05
2.42236100e+00	1.66066465e-04	2.52156625e-05
2.42752300e+00	2.38100805e-04	2.52639127e-05
2.43268500e+00	1.78417066e-04	2.50530745e-05
2.43784600e+00	2.30202949e-04	2.49468186e-05
2.44300800e+00	2.05788030e-04	2.50608789e-05
2.44817000e+00	2.16824279e-04	2.48306407e-05
2.45333200e+00	2.33386929e-04	2.49864045e-05
2.45849300e+00	2.06136175e-04	2.49086474e-05
2.46365500e+00	1.91721114e-04	2.47604014e-05
2.46881700e+00	2.12699151e-04	2.47847762e-05
2.47397900e+00	2.05021001e-04	2.48555056e-05
2.47914100e+00	2.10020884e-04	2.46286703e-05
2.48430200e+00	1.43438414e-04	2.47733285e-05
2.48946400e+00	2.23532246e-04	2.47194469e-05
2.49462600e+00	2.15709012e-04	2.45859219e-05
2.49978800e+00	2.29436012e-04	2.47314216e-05
2.50494900e+00	1.93901807e-04	2.47389024e-05
2.51011100e+00	2.08710785e-04	2.45956681e-05
2.51527300e+00	2.21670756e-04	2.46608402e-05
2.52043500e+00	1.72936160e-04	2.47467622e-05
2.52559600e+00	1.99826286e-04	2.45471035e-05
2.53075800e+00	2.06928078e-04	2.46061171e-05
2.53592000e+00	1.86281727e-04	2.46655931e-05
2.54108200e+00	2.10020884e-04	2.44977991e-05
2.54624300e+00	2.21691469e-04	2.46238434e-05
2.55140500e+00	1.50896858e-04	2.45347127e-05
2.55656700e+00	1.48852927e-04	2.45126496e-05
2.56172900e+00	2.25733745e-04	2.46075411e-05
2.56689000e+00	2.09805339e-04	2.46158078e-05
2.57205200e+00	1.66721514e-04	2.46822375e-05
2.57721400e+00	2.06957113e-04	2.51502315e-05
2.58237600e+00	1.85257727e-04	2.54530393e-05
2.58753800e+00	2.51732378e-04	2.56308569e-05
2.59269900e+00	2.01928195e-04	2.56804294e-05
2.59786100e+00	1.87479845e-04	2.57762549e-05
2.60302300e+00	1.63558247e-04	2.51566951e-05
2.60818500e+00	2.25675674e-04	2.51754108e-05
2.61334600e+00	2.08619611e-04	2.51520162e-05
2.61850800e+00	2.25003980e-04	2.48925301e-05
2.62367000e+00	2.16417971e-04	2.49241914e-05
2.62883200e+00	1.50461515e-04	2.48719743e-05
2.63399300e+00	1.94780723e-04	2.46950074e-05
2.63915500e+00	1.34454325e-04	2.48063769e-05
2.64431700e+00	1.94482234e-04	2.48103530e-05
2.64947900e+00	1.82815809e-04	2.47877629e-05
2.65464000e+00	1.96953094e-04	2.48393420e-05
2.65980200e+00	1.61613813e-04	2.48376591e-05
2.66496400e+00	1.69818481e-04	2.46869441e-05
2.67012600e+00	1.63985361e-04	2.47646087e-05
2.67528700e+00	2.46359383e-04	2.47788212e-05
2.68044900e+00	2.08661129e-04	2.45958623e-05
2.68561100e+00	1.49839662e-04	2.47126042e-05
2.69077300e+00	1.79519850e-04	2.46169637e-05
2.69593500e+00	2.06948791e-04	2.46084658e-05
2.70109600e+00	1.38654075e-04	2.47034776e-05
2.70625800e+00	1.54076677e-04	2.46571322e-05
2.71142000e+00	1.65200032e-04	2.45669011e-05
2.71658100e+00	1.61899911e-04	2.45809008e-05
2.72174300e+00	1.94996360e-04	2.45832496e-05
2.72690500e+00	1.70224789e-04	2.44775669e-05
2.73206700e+00	1.64126284e-04	2.46456383e-05
2.73722800e+00	1.75344974e-04	2.45282029e-05
2.74239000e+00	1.78707234e-04	2.44804334e-05
2.74755200e+00	1.50457354e-04	2.45410375e-05
2.75271400e+00	1.82471733e-04	2.45229876e-05
2.75787500e+00	1.62285506e-04	2.44411064e-05
2.76303700e+00	1.48351283e-04	2.44136987e-05
2.76819900e+00	1.78205590e-04	2.44272546e-05
2.77336100e+00	1.61286380e-04	2.42758554e-05
2.77852200e+00	1.71472748e-04	2.44302691e-05
2.78368400e+00	1.63558247e-04	2.43707377e-05
2.78884600e+00	1.42343952e-04	2.42731830e-05
2.79400800e+00	1.78761143e-04	2.44060608e-05
2.79917000e+00	1.70639327e-04	2.44022233e-05
2.80433100e+00	1.65332725e-04	2.41607039e-05
2.80949300e+00	2.06841065e-04	2.43378835e-05
2.81465500e+00	1.49847892e-04	2.41850972e-05
2.81981700e+00	1.65108765e-04	2.40846298e-05
2.82497800e+00	1.53450663e-04	2.42306843e-05
2.83014000e+00	1.46767477e-04	2.41500330e-05
2.83530200e+00	1.56203460e-04	2.41102622e-05
2.84046400e+00	1.63956326e-04	2.42454146e-05
2.84562500e+00	1.67596362e-04	2.42941272e-05
2.85078700e+00	1.46527058e-04	2.41068223e-05
2.85594900e+00	1.51688669e-04	2.42205405e-05
2.86111100e+00	1.77902939e-04	2.41387426e-05
2.86627200e+00	1.68408978e-04	2.40671070e-05
2.87143400e+00	1.63690940e-04	2.42631224e-05
2.87659600e+00	1.50577563e-04	2.40701029e-05
2.88175800e+00	1.52733474e-04	2.40918886e-05
2.88691900e+00	1.32551409e-04	2.40676155e-05
2.89208100e+00	1.70614545e-04	2.41151075e-05
2.89724300e+00	1.54080838e-04	2.38601524e-05
2.90240500e+00	1.80552172e-04	2.40146309e-05
2.90756700e+00	1.88400280e-04	2.39882495e-05
2.91272800e+00	9.06201533e-05	2.38637865e-05
2.91789000e+00	1.68330102e-04	2.41078580e-05
2.92305200e+00	1.88603434e-04	2.39729829e-05
2.92821400e+00	2.12665955e-04	2.41945198e-05
2.93337500e+00	1.23148530e-04	2.46397018e-05
2.93853700e+00	1.84548768e-04	2.48729267e-05
2.94369900e+00	1.08265021e-04	2.49998217e-05
2.94886100e+00	1.47816444e-04	2.52748241e-05
2.95402200e+00	1.64022534e-04	2.53111643e-05
2.95918400e+00	1.74967608e-04	2.55625964e-05
2.96434600e+00	1.39213789e-04	2.57416253e-05
2.96950800e+00	1.85029698e-04	2.55791483e-05
2.97466900e+00	1.37969991e-04	2.58831211e-05
2.97983100e+00	1.42273491e-04	2.61211637e-05
2.98499300e+00	1.29458604e-04	2.60356392e-05
2.99015500e+00	1.69872390e-04	2.61062299e-05
2.99531700e+00	1.00114170e-04	2.59754420e-05
3.00047800e+00	1.57679448e-04	2.55166116e-05
3.00564000e+00	1.41709616e-04	2.51737556e-05
3.01080200e+00	1.15781444e-04	2.52993191e-05
3.01596400e+00	1.74196511e-04	2.49232945e-05
3.02112500e+00	1.48318087e-04	2.48663522e-05
3.02628700e+00	1.71514174e-04	2.50014399e-05
3.03144900e+00	1.74271133e-04	2.47909346e-05
3.03661100e+00	1.28737254e-04	2.46133574e-05
3.04177200e+00	1.43351400e-04	2.47376263e-05
3.04693400e+00	1.43873757e-04	2.46660924e-05
3.05209600e+00	1.54379327e-04	2.45903327e-05
3.05725800e+00	1.22970342e-04	2.46325632e-05
3.06241900e+00	1.68985244e-04	2.45597532e-05
3.06758100e+00	1.68309482e-04	2.45069905e-05
3.07274300e+00	1.34454325e-04	2.47244587e-05
3.07790500e+00	1.97011257e-04	2.45149798e-05
3.08306600e+00	1.57849406e-04	2.44202455e-05
3.08822800e+00	1.57820371e-04	2.46061818e-05
3.09339000e+00	1.88304852e-04	2.44572053e-05
3.09855200e+00	1.07543580e-04	2.44171015e-05
3.10371400e+00	1.57211001e-04	2.45158675e-05
3.10887500e+00	1.60900785e-04	2.43056673e-05
3.11403700e+00	1.38558740e-04	2.43848669e-05
3.11919900e+00	1.51369466e-04	2.45198067e-05
3.12436100e+00	1.45366297e-04	2.43005630e-05
3.12952200e+00	1.49275787e-04	2.42912237e-05
3.13468400e+00	1.50146381e-04	2.44235374e-05
3.13984600e+00	1.58438155e-04	2.41280439e-05
3.14500800e+00	1.68703306e-04	2.42236937e-05
3.15016900e+00	1.62675170e-04	2.41796878e-05
3.15533100e+00	1.20292074e-04	2.40703619e-05
3.16049300e+00	1.73947770e-04	2.40700845e-05
3.16565500e+00	2.04312042e-04	2.42247756e-05
3.17081600e+00	1.16627164e-04	2.39645867e-05
3.17597800e+00	1.87255978e-04	2.40621506e-05
3.18114000e+00	1.18633738e-04	2.40338736e-05
3.18630200e+00	1.18621347e-04	2.39231699e-05
3.19146300e+00	1.06536131e-04	2.39928175e-05
3.19662500e+00	1.13550911e-04	2.40193838e-05
3.20178700e+00	1.77529828e-04	2.39421446e-05
3.20694900e+00	9.64741340e-05	2.40466251e-05
3.21211100e+00	1.28144344e-04	2.40821979e-05
3.21727200e+00	1.40051280e-04	2.39525196e-05
3.22243400e+00	1.88246874e-04	2.40631308e-05
3.22759600e+00	1.48803179e-04	2.40969466e-05
3.23275800e+00	1.55179460e-04	2.39350429e-05
3.23791900e+00	1.67467830e-04	2.40711293e-05
3.24308100e+00	8.49113394e-05	2.40056337e-05
3.24824300e+00	1.50714417e-04	2.40158700e-05
3.25340500e+00	1.11726778e-04	2.40828267e-05
3.25856600e+00	1.52671243e-04	2.41948897e-05
3.26372800e+00	9.17893479e-05	2.39110288e-05
3.26889000e+00	1.50374409e-04	2.41199067e-05
3.27405200e+00	8.86384350e-05	2.40753737e-05
3.27921300e+00	1.24898133e-04	2.39981252e-05
3.28437500e+00	1.00748506e-04	2.40561032e-05
3.28953700e+00	6.75484827e-05	2.40612167e-05
3.29469900e+00	1.20607208e-04	2.39420613e-05
3.29986000e+00	1.38819965e-04	2.41686747e-05
3.30502200e+00	1.43106728e-04	2.41381693e-05
3.31018400e+00	1.22078942e-04	2.39789656e-05
3.31534600e+00	1.61257345e-04	2.41458257e-05
3.32050700e+00	1.39537153e-04	2.39810000e-05
3.32566900e+00	1.23268831e-04	2.40932756e-05
3.33083100e+00	9.50977352e-05	2.40066416e-05
3.33599300e+00	1.21863398e-04	2.40431020e-05
3.34115400e+00	1.91671366e-04	2.38946063e-05
3.34631600e+00	1.44901918e-04	2.40739404e-05
3.35147800e+00	1.36369725e-04	2.39304842e-05
3.35664000e+00	1.30752058e-04	2.39727425e-05
3.36180100e+00	1.37750285e-04	2.41010893e-05
3.36696300e+00	1.23737279e-04	2.39341460e-05
3.37212500e+00	1.29819325e-04	2.39133405e-05
3.37728700e+00	1.19877537e-04	2.40267720e-05
3.38244800e+00	1.52177922e-04	2.40149360e-05
3.38761000e+00	1.40780951e-04	2.40044131e-05
3.39277200e+00	1.42439195e-04	2.40966970e-05
3.39793400e+00	1.54093321e-04	2.40117921e-05
3.40309500e+00	1.16345227e-04	2.39853830e-05
3.40825700e+00	1.32443590e-04	2.42613285e-05
3.41341900e+00	5.95220944e-05	2.39535645e-05
3.41858100e+00	1.41344734e-04	2.39534627e-05
3.42374300e+00	1.57438937e-04	2.41257230e-05
3.42890400e+00	1.38459244e-04	2.39944079e-05
3.43406600e+00	1.73408861e-04	2.39497270e-05
3.43922800e+00	1.59126401e-04	2.42049780e-05
3.44439000e+00	1.52057620e-04	2.40049124e-05
3.44955100e+00	1.41585245e-04	2.39785680e-05
3.45471300e+00	8.88830336e-05	2.41555442e-05
3.45987500e+00	1.38500670e-04	2.40500002e-05
3.46503700e+00	1.18314536e-04	2.38921559e-05
3.47019800e+00	1.34939417e-04	2.41380121e-05
3.47536000e+00	9.72286798e-05	2.39962666e-05
3.48052200e+00	1.68085522e-04	2.39937144e-05
3.48568400e+00	1.49740073e-04	2.41270730e-05
3.49084500e+00	1.15789674e-04	2.39409425e-05
3.49600700e+00	1.48438297e-04	2.39477112e-05
3.50116900e+00	1.61485373e-04	2.42162037e-05
3.50633100e+00	8.88457779e-05	2.40637503e-05
3.51149200e+00	1.04641445e-04	2.38996736e-05
3.51665400e+00	1.52240153e-04	2.41998645e-05
3.52181600e+00	9.75188470e-05	2.39938994e-05
3.52697800e+00	1.28272876e-04	2.40040617e-05
3.53214000e+00	1.31162527e-04	2.41582997e-05
3.53730100e+00	1.47998885e-04	2.40860908e-05
3.54246300e+00	9.85554228e-05	2.39897290e-05
3.54762500e+00	1.41282595e-04	2.42046451e-05
3.55278700e+00	1.62219206e-04	2.40696868e-05
3.55794800e+00	1.41904448e-04	2.39838203e-05
3.56311000e+00	1.64109732e-04	2.42214744e-05
3.56827200e+00	1.03629928e-04	2.40566857e-05
3.57343400e+00	1.64408221e-04	2.39002839e-05
3.57859500e+00	1.48662164e-04	2.41896837e-05
3.58375700e+00	1.47468206e-04	2.39956378e-05
3.58891900e+00	1.80950158e-04	2.40694094e-05
3.59408100e+00	1.43413539e-04	2.41119543e-05
3.59924200e+00	1.27136896e-04	2.40524691e-05
3.60440400e+00	1.11979680e-04	2.39250193e-05
3.60956600e+00	1.65469578e-04	2.42710100e-05
3.61472800e+00	1.27315176e-04	2.39499027e-05
3.61988900e+00	1.15209247e-04	2.40942373e-05
3.62505100e+00	1.25130322e-04	2.40993231e-05
3.63021300e+00	1.52973893e-04	2.40501019e-05
3.63537500e+00	1.50643956e-04	2.41031606e-05
3.64053700e+00	1.62948785e-04	2.42682544e-05
3.64569800e+00	1.38940174e-04	2.40071964e-05
3.65086000e+00	1.47903549e-04	2.41180480e-05
3.65602200e+00	1.12560107e-04	2.41758133e-05
3.66118400e+00	9.79832256e-05	2.39588629e-05
3.66634500e+00	1.14388401e-04	2.41385576e-05
3.67150700e+00	1.64972004e-04	2.41618413e-05
3.67666900e+00	1.19467067e-04	2.40356768e-05
3.68183100e+00	1.29935373e-04	2.40918146e-05
3.68699200e+00	1.00188792e-04	2.41390477e-05
3.69215400e+00	1.03182101e-04	2.40042374e-05
3.69731600e+00	1.61899911e-04	2.41161802e-05
3.70247800e+00	9.61548391e-05	2.41674634e-05
3.70763900e+00	1.37277677e-04	2.40929058e-05
3.71280100e+00	1.33666583e-04	2.41178354e-05
3.71796300e+00	1.44458252e-04	2.41452986e-05
3.72312500e+00	1.25383224e-04	2.38891137e-05
3.72828700e+00	7.68435066e-05	2.41783285e-05
3.73344800e+00	1.29516582e-04	2.41649113e-05
3.73861000e+00	1.30590422e-04	2.40579340e-05
3.74377200e+00	1.33712263e-04	2.41787261e-05
3.74893400e+00	1.10951519e-04	2.45542143e-05
3.75409500e+00	1.32095353e-04	2.48956740e-05
3.75925700e+00	1.45498989e-04	2.53539774e-05
3.76441900e+00	1.16631325e-04	2.52712548e-05
3.76958100e+00	1.17978781e-04	2.56535117e-05
3.77474200e+00	1.27360763e-04	2.56972495e-05
3.77990400e+00	9.72659447e-05	2.56888903e-05
3.78506600e+00	1.38898748e-04	2.58668558e-05
3.79022800e+00	1.23086390e-04	2.60829648e-05
3.79538900e+00	1.04231068e-04	2.58462630e-05
3.80055100e+00	1.26469456e-04	2.60436748e-05
3.80571300e+00	1.03215298e-04	2.59929464e-05
3.81087500e+00	1.19172739e-04	2.60356115e-05
3.81603600e+00	1.42439195e-04	2.53383686e-05
3.82119800e+00	9.33854896e-05	2.52947234e-05
3.82636000e+00	8.12091088e-05	2.49778326e-05
3.83152200e+00	1.11871861e-04	2.47851830e-05
3.83668400e+00	1.36842333e-04	2.50899418e-05
3.84184500e+00	1.50399283e-04	2.48597037e-05
3.84700700e+00	1.20379180e-04	2.47961961e-05
3.85216900e+00	1.24711623e-04	2.49262165e-05
3.85733100e+00	1.34549753e-04	2.48000798e-05
3.86249200e+00	1.04662158e-04	2.46514823e-05
3.86765400e+00	7.49571329e-05	2.49035339e-05
3.87281600e+00	9.14534733e-05	2.48711421e-05
3.87797800e+00	1.32103675e-04	2.47746878e-05
3.88313900e+00	7.65781210e-05	2.49970569e-05
3.88830100e+00	1.75104462e-04	2.48791684e-05
3.89346300e+00	8.96914794e-05	2.46991593e-05
3.89862500e+00	1.25806084e-04	2.50004228e-05
3.90378600e+00	9.19178056e-05	2.46890524e-05
3.90894800e+00	8.88084482e-05	2.46656116e-05
3.91411000e+00	1.14989541e-04	2.48958590e-05
3.91927200e+00	9.98737511e-05	2.47814935e-05
3.92443300e+00	1.56879223e-04	2.46260072e-05
3.92959500e+00	1.07974762e-04	2.49773795e-05
3.93475700e+00	9.19841520e-05	2.48725383e-05
3.93991900e+00	1.30631848e-04	2.47121789e-05
3.94508000e+00	9.80246516e-05	2.49470775e-05
3.95024200e+00	1.34292690e-04	2.47893811e-05
3.95540400e+00	1.12290560e-04	2.47212038e-05
3.96056600e+00	1.25233979e-04	2.50478223e-05
3.96572700e+00	9.14576251e-05	2.48614143e-05
3.97088900e+00	1.15010346e-04	2.48794365e-05
3.97605100e+00	1.65585627e-04	2.51287325e-05
3.98121300e+00	9.53133726e-05	2.47963070e-05
3.98637400e+00	9.04626049e-05	2.48594170e-05
3.99153600e+00	1.32476787e-04	2.50926419e-05
3.99669800e+00	1.03024535e-04	2.48525096e-05
4.00186000e+00	1.03153159e-04	2.49303591e-05
4.00702100e+00	8.96002774e-05	2.50937516e-05
4.01218300e+00	1.41369608e-04	2.48190081e-05
4.01734500e+00	1.40246112e-04	2.51485116e-05
4.02250700e+00	1.41112545e-04	2.50752301e-05
4.02766800e+00	1.09728433e-04	2.49880134e-05
4.03283000e+00	7.76394877e-05	2.50490244e-05
4.03799200e+00	1.49263396e-04	2.51211131e-05
4.04315400e+00	1.35482487e-04	2.48934918e-05
4.04831600e+00	1.08758343e-04	2.50798165e-05
4.05347700e+00	1.50834627e-04	2.51078346e-05
4.05863900e+00	1.52144725e-04	2.50354037e-05
4.06380100e+00	1.40250273e-04	2.51848889e-05
4.06896300e+00	1.37530579e-04	2.50507813e-05
4.07412400e+00	1.36945991e-04	2.51600147e-05
4.07928600e+00	1.06561006e-04	2.52291814e-05
4.08444800e+00	9.90279386e-05	2.50387603e-05
4.08961000e+00	1.08082580e-04	2.51533107e-05
4.09477100e+00	1.36017326e-04	2.52649576e-05
4.09993300e+00	1.13530198e-04	2.50661126e-05
4.10509500e+00	1.12982967e-04	2.51085928e-05
4.11025700e+00	1.29242966e-04	2.52693129e-05
4.11541800e+00	1.19595599e-04	2.52382619e-05
4.12058000e+00	9.36259086e-05	2.52133045e-05
4.12574200e+00	9.63995116e-05	2.53704461e-05
4.13090400e+00	1.11494588e-04	2.51612353e-05
4.13606500e+00	9.89865126e-05	2.53270320e-05
4.14122700e+00	1.45266708e-04	2.54142393e-05
4.14638900e+00	3.72007900e-05	2.52501349e-05
4.15155100e+00	7.57241065e-05	2.52784303e-05
4.15671300e+00	5.38132528e-05	2.54602518e-05
4.16187400e+00	1.21830201e-04	2.52786338e-05
4.16703600e+00	6.77391905e-05	2.54135273e-05
4.17219800e+00	1.17949654e-04	2.56219151e-05
4.17736000e+00	1.19019333e-04	2.53374717e-05
4.18252100e+00	1.11129706e-04	2.54008868e-05
4.18768300e+00	1.44545358e-04	2.56690557e-05
4.19284500e+00	1.24296993e-04	2.53501584e-05
4.19800700e+00	5.14874209e-05	2.55343934e-05
4.20316800e+00	1.32974269e-04	2.56339268e-05
4.20833000e+00	1.42012267e-04	2.54502005e-05
4.21349200e+00	5.55254892e-05	2.55655461e-05
4.21865400e+00	9.20753633e-05	2.56360906e-05
4.22381500e+00	1.40668972e-04	2.54142671e-05
4.22897700e+00	1.22107978e-04	2.55577140e-05
4.23413900e+00	1.08521992e-04	2.57223085e-05
4.23930100e+00	7.39496756e-05	2.53880337e-05
4.24446200e+00	8.45506739e-05	2.55914744e-05
4.24962400e+00	6.93643582e-05	2.56884834e-05
4.25478600e+00	1.39433588e-04	2.54661698e-05
4.25994800e+00	1.37692307e-04	2.56764163e-05
4.26511000e+00	1.04687032e-04	2.57885625e-05
4.27027100e+00	6.67897851e-05	2.55141797e-05
4.27543300e+00	1.49470619e-04	2.63823327e-05
4.28059500e+00	1.09894323e-04	2.66591012e-05
4.28575700e+00	1.21295361e-04	2.70503369e-05
4.29091800e+00	7.28261606e-05	2.71160175e-05
4.29608000e+00	1.29798519e-04	2.73691417e-05
4.30124200e+00	9.40322167e-05	2.73655817e-05
4.30640400e+00	1.26282854e-04	2.74033644e-05
4.31156500e+00	5.07577493e-05	2.74602328e-05
4.31672700e+00	1.12348631e-04	2.76528731e-05
4.32188900e+00	1.33434487e-04	2.77611079e-05
4.32705100e+00	9.87211270e-05	2.77858988e-05
4.33221200e+00	7.67522953e-05	2.78369508e-05
4.33737400e+00	8.53093346e-05	2.80060949e-05
4.34253600e+00	5.23995059e-05	2.79510851e-05
4.34769800e+00	1.31452787e-04	2.81424587e-05
4.35285900e+00	1.30267059e-04	2.82724606e-05
4.35802100e+00	4.28142870e-05	2.84355294e-05
4.36318300e+00	9.47826014e-05	2.84197635e-05
4.36834500e+00	1.14234995e-04	2.85464920e-05
4.37350700e+00	1.00043709e-04	2.86337549e-05
4.37866800e+00	1.22862523e-04	2.86071516e-05
4.38383000e+00	7.39787015e-05	2.87125106e-05
4.38899200e+00	1.34097766e-04	2.86713712e-05
4.39415400e+00	1.39872907e-04	2.88871380e-05
4.39931500e+00	1.25043216e-04	2.87690368e-05
4.40447700e+00	1.63715814e-04	2.90819236e-05
4.40963900e+00	7.61137887e-05	2.89565081e-05
4.41480100e+00	1.47285765e-04	2.91167012e-05
4.41996200e+00	1.19272236e-04	2.92908200e-05
4.42512400e+00	7.26893437e-05	2.93312566e-05
4.43028600e+00	9.99607643e-05	2.93251629e-05
4.43544800e+00	4.73415617e-05	2.92436979e-05
4.44060900e+00	9.41731392e-05	2.93947088e-05
4.44577100e+00	9.42021745e-05	2.95924534e-05
4.45093300e+00	8.99320001e-05	2.96633030e-05
4.45609500e+00	1.12149638e-04	2.96948719e-05
4.46125700e+00	9.87128972e-05	2.97103974e-05
4.46641800e+00	1.19388284e-04	2.98373386e-05
4.47158000e+00	1.42091050e-04	2.99021593e-05
4.47674200e+00	1.19346858e-04	2.98669287e-05
4.48190400e+00	1.12879309e-04	2.98823247e-05
4.48706500e+00	1.36892082e-04	2.97551061e-05
4.49222700e+00	1.23907329e-04	2.99153176e-05
4.49738900e+00	7.23576672e-05	2.98569975e-05
4.50255100e+00	8.72661973e-05	2.99830510e-05
4.50771200e+00	1.42667316e-04	2.98847567e-05
4.51287400e+00	1.12601533e-04	3.00237188e-05
4.51803600e+00	5.25321802e-05	3.00849979e-05
4.52319800e+00	7.52722390e-05	2.99385643e-05
4.52835900e+00	1.21622979e-04	2.99969029e-05
4.53352100e+00	7.80167791e-05	2.99003192e-05
4.53868300e+00	1.11569211e-04	3.00104218e-05
4.54384500e+00	1.27738036e-04	3.00179488e-05
4.54900600e+00	1.12029428e-04	3.00225167e-05
4.55416800e+00	1.07626432e-04	2.98622775e-05
4.55933000e+00	1.38521383e-04	2.99474968e-05
4.56449200e+00	8.49238042e-05	3.00116517e-05
4.56965400e+00	1.27045629e-04	3.00717564e-05
4.57481500e+00	1.51327948e-04	2.99433634e-05
4.57997700e+00	1.15636268e-04	3.00462258e-05
4.58513900e+00	4.34154270e-05	2.98822323e-05
4.59030100e+00	1.36332460e-04	3.00886320e-05
4.59546200e+00	1.35179836e-04	2.99776694e-05
4.60062400e+00	1.17307088e-04	3.02099234e-05
4.60578600e+00	1.32124388e-04	3.01902922e-05
4.61094800e+00	7.58360123e-05	3.02574616e-05
4.61610900e+00	9.93389113e-05	3.04728215e-05
4.62127100e+00	1.08745859e-04	3.03016987e-05
4.62643300e+00	9.92021499e-05	3.04146031e-05
4.63159500e+00	8.02472571e-05	3.06000494e-05
4.63675600e+00	1.24964525e-04	3.06406340e-05
4.64191800e+00	9.24693083e-05	3.07781167e-05
4.64708000e+00	3.63467385e-05	3.07752594e-05
4.65224200e+00	9.75064562e-05	3.08920753e-05
4.65740300e+00	8.60265784e-05	3.09418050e-05
4.66256500e+00	8.61965177e-05	3.12372060e-05
4.66772700e+00	8.99734077e-05	3.12390924e-05
4.67288900e+00	8.55622461e-05	3.11385047e-05
4.67805100e+00	1.07999636e-04	3.12538874e-05
4.68321200e+00	2.44191081e-05	3.13612622e-05
4.68837400e+00	8.94095604e-05	3.16222185e-05
4.69353600e+00	9.17520182e-05	3.16260282e-05
4.69869800e+00	6.38255020e-05	3.17217058e-05
4.70385900e+00	1.51004584e-04	3.18413142e-05
4.70902100e+00	9.08275054e-05	3.20306719e-05
4.71418300e+00	1.01142331e-04	3.21075875e-05
4.71934500e+00	1.29172597e-04	3.22127431e-05
4.72450600e+00	7.10434352e-05	3.22979993e-05
4.72966800e+00	1.30640170e-04	3.22936995e-05
4.73483000e+00	9.35679306e-05	3.25497180e-05
4.73999200e+00	7.23493820e-05	3.25070714e-05
4.74515300e+00	6.74655567e-05	3.26019907e-05
4.75031500e+00	4.19063354e-05	3.28266900e-05
4.75547700e+00	3.64711184e-05	3.27843670e-05
4.76063900e+00	1.17331962e-04	3.30891351e-05
4.76580000e+00	1.24976916e-04	3.33164327e-05
4.77096200e+00	3.49412953e-05	3.30724907e-05
4.77612400e+00	7.90283420e-05	3.33094051e-05
4.78128600e+00	1.12220099e-04	3.33509236e-05
4.78644800e+00	1.47795731e-04	3.34467583e-05
4.79160900e+00	1.01486500e-04	3.36365321e-05
4.79677100e+00	8.51600899e-05	3.37822630e-05
4.80193300e+00	1.25047377e-04	3.38244103e-05
4.80709500e+00	9.95379043e-05	3.40249475e-05
4.81225600e+00	1.01316450e-04	3.40455588e-05
4.81741800e+00	1.63243206e-04	3.43748959e-05
4.82258000e+00	1.48214429e-04	3.41906979e-05
4.82774200e+00	4.99244293e-05	3.43628194e-05
4.83290300e+00	6.12094659e-05	3.44003803e-05
4.83806500e+00	9.51474835e-05	3.44440071e-05
4.84322700e+00	1.04653836e-04	3.47049542e-05
4.84838800e+00	8.88499297e-05	3.47877508e-05
4.85355000e+00	8.80995080e-05	3.49841361e-05
4.85871200e+00	1.32257081e-04	3.50062731e-05
4.86387300e+00	6.50692543e-05	3.52106293e-05
4.86903500e+00	7.39662645e-05	3.52901155e-05
4.87419700e+00	1.21896594e-04	3.51785241e-05
4.87935900e+00	9.98612678e-05	3.53127241e-05
4.88452100e+00	1.18152808e-04	3.54554313e-05
4.88968200e+00	6.64871345e-05	3.54432069e-05
4.89484400e+00	8.50025414e-05	3.53432204e-05
4.90000600e+00	1.02871221e-04	3.55771388e-05
4.90516800e+00	3.87181761e-05	3.56814622e-05
4.91032900e+00	7.60682200e-05	3.59070399e-05
4.91549100e+00	8.74569235e-05	3.64765001e-05
4.92065300e+00	1.33890543e-04	3.61073182e-05
4.92581500e+00	1.53521124e-05	3.64138617e-05
4.93097600e+00	1.13455575e-04	3.66260222e-05
4.93613800e+00	8.44760146e-05	3.66164332e-05
4.94130000e+00	1.03604962e-04	3.70140954e-05
4.94646200e+00	1.24964525e-04	3.72758470e-05
4.95162300e+00	7.93599908e-05	3.73182255e-05
4.95678500e+00	1.23040803e-04	3.76321387e-05
4.96194700e+00	8.01767588e-05	3.76257214e-05
4.96710900e+00	-5.31913721e-06	3.82222564e-05
4.97227000e+00	7.35765545e-05	3.79893643e-05
4.97743200e+00	7.29919850e-05	3.82412125e-05
4.98259400e+00	1.95435772e-05	3.83275692e-05
4.98775600e+00	1.33903026e-04	3.87310107e-05
4.99291800e+00	1.11121477e-04	3.87297162e-05
4.99807900e+00	1.29081238e-04	3.89948706e-05
5.00324100e+00	6.19805821e-05	3.93414993e-05
5.00840300e+00	8.46999094e-05	3.94951363e-05
5.01356500e+00	1.68338424e-04	3.97217774e-05
5.01872600e+00	1.39902035e-04	4.01438792e-05
5.02388800e+00	5.12801243e-05	4.00125180e-05
5.02905000e+00	1.34342346e-04	4.01007610e-05
5.03421200e+00	8.18558544e-05	4.02042336e-05
5.03937300e+00	6.35394312e-05	4.05095750e-05
5.04453500e+00	1.60295484e-04	4.07688392e-05
5.04969700e+00	5.96381798e-05	4.03611533e-05
5.05485900e+00	7.12258485e-05	4.09458708e-05
5.06002000e+00	4.60356150e-05	4.12862208e-05
5.06518200e+00	6.72209581e-05	4.18834956e-05
5.07034400e+00	1.00101779e-04	4.24299588e-05
5.07550600e+00	1.11250008e-04	4.26989506e-05
5.08066700e+00	1.07232607e-04	4.31370403e-05
5.08582900e+00	1.59267323e-04	4.34482719e-05
5.09099100e+00	8.96210552e-05	4.39568413e-05
5.09615300e+00	1.23745601e-04	4.42524365e-05
5.10131500e+00	1.25325154e-04	4.46943081e-05
5.10647600e+00	3.01445386e-05	4.53826462e-05
5.11163800e+00	8.18143728e-05	4.59803093e-05
5.11680000e+00	8.74444495e-05	4.68451427e-05
5.12196200e+00	1.20727418e-05	4.70904533e-05
5.12712300e+00	1.26369867e-04	4.75460751e-05
5.13228500e+00	8.87794315e-05	4.81858208e-05
5.13744700e+00	4.88050476e-05	4.84215516e-05
5.14260900e+00	1.15673625e-04	4.97558216e-05
5.14777000e+00	1.38546257e-04	5.09584899e-05
5.15293200e+00	5.43729390e-05	5.15553670e-05
5.15809400e+00	9.63290504e-05	5.27443592e-05
5.16325600e+00	5.89002229e-05	5.34894177e-05
5.16841700e+00	2.31177293e-04	5.60359265e-05
5.17357900e+00	4.41658394e-05	5.87375332e-05
5.17874100e+00	1.27153540e-04	5.90425047e-05
5.18390300e+00	4.24535938e-05	6.02793773e-05
5.18906500e+00	8.86135701e-05	6.07642007e-05
5.19422600e+00	3.01777072e-05	6.47039653e-05
5.19938800e+00	1.22219865e-04	6.75996735e-05
5.20455000e+00	1.00346359e-04	7.18974775e-05
5.20971200e+00	6.30046191e-05	1.02943070e-04
