q[nm-1]	merged(TipAS_1.96mgml-1_30degBack_sub_ave_cm-1_divconc_nm-1.dat_00001_[493]TipAS_NaP_30degBACK_1-2_ave_sub_cm-1_divconc.dat_00001_[TipAS_NaP_30degBACK_1-2_ave_sub.dat],scale_high,lq=0.8992,hq=1.0068)	error
1.14692100e-01	1.63974200e-02	2.34242300e-03
1.27435600e-01	1.97112200e-02	1.68289400e-03
1.40179000e-01	1.76539600e-02	1.57373200e-03
1.52922400e-01	1.53593600e-02	1.35782700e-03
1.65665800e-01	1.64257400e-02	1.22264200e-03
1.78409200e-01	1.32048400e-02	1.19107400e-03
1.91152500e-01	1.74158500e-02	1.04981300e-03
2.03895700e-01	1.46578300e-02	1.05336200e-03
2.16639000e-01	1.65462500e-02	9.24514300e-04
2.29382100e-01	1.52962200e-02	9.01111200e-04
2.42125300e-01	1.38889500e-02	8.35103100e-04
2.54868300e-01	1.68545400e-02	7.96904600e-04
2.67611300e-01	1.60394800e-02	7.52608700e-04
2.80354300e-01	1.50862500e-02	6.88164800e-04
2.93097200e-01	1.33925300e-02	6.66136200e-04
3.05840000e-01	1.40083100e-02	6.13623500e-04
3.18582800e-01	1.41579000e-02	5.94380100e-04
3.31325500e-01	1.22311700e-02	5.52373000e-04
3.44068100e-01	1.39573400e-02	5.35036700e-04
3.56810600e-01	1.31407700e-02	5.27140300e-04
3.69553100e-01	1.26979900e-02	4.89923700e-04
3.82295500e-01	1.15862100e-02	4.76682600e-04
3.95037800e-01	1.09899400e-02	4.62287200e-04
4.07780000e-01	1.13421400e-02	4.42402300e-04
4.20522100e-01	1.24910700e-02	4.58245600e-04
4.33264100e-01	1.13837900e-02	4.21610500e-04
4.46006100e-01	1.14234700e-02	4.38482600e-04
4.58747900e-01	1.04557000e-02	4.10323900e-04
4.71489600e-01	1.03148100e-02	4.04337900e-04
4.84231300e-01	1.00365500e-02	4.05394600e-04
4.96972800e-01	9.62442300e-03	3.85051900e-04
5.09714200e-01	9.62984700e-03	3.87130600e-04
5.22455500e-01	9.15102000e-03	3.67636800e-04
5.35196700e-01	9.37975000e-03	3.71440800e-04
5.47937800e-01	9.92596900e-03	3.68329300e-04
5.60678700e-01	8.93188300e-03	3.52060200e-04
5.73419600e-01	9.07679600e-03	3.56228100e-04
5.86160300e-01	8.36678600e-03	3.40067000e-04
5.98900800e-01	8.40850500e-03	3.41917800e-04
6.11641300e-01	7.46619900e-03	3.34688900e-04
6.24381600e-01	8.57616300e-03	3.24797200e-04
6.37121700e-01	7.34423000e-03	3.29223100e-04
6.49861800e-01	8.20363800e-03	3.14561200e-04
6.62601700e-01	6.67734200e-03	3.16433800e-04
6.75341400e-01	7.26076000e-03	3.06317900e-04
6.88081000e-01	7.09488800e-03	3.08753000e-04
7.00820400e-01	6.37650500e-03	3.01628600e-04
7.13559700e-01	6.57392300e-03	2.90014800e-04
7.26298800e-01	6.76033200e-03	2.95503900e-04
7.39037800e-01	6.46381100e-03	2.87715200e-04
7.51776600e-01	6.43441300e-03	2.87997500e-04
7.64515300e-01	6.18348000e-03	2.83473800e-04
7.77253700e-01	6.63357100e-03	2.79108300e-04
7.89992000e-01	6.31225500e-03	2.77325900e-04
8.02730200e-01	5.38316800e-03	2.65597600e-04
8.15468100e-01	5.21625500e-03	2.69305000e-04
8.28205900e-01	5.30160200e-03	2.62015900e-04
8.40943500e-01	5.58324000e-03	2.60874900e-04
8.53680900e-01	4.99964400e-03	2.62280700e-04
8.66418100e-01	4.70265400e-03	2.52113700e-04
8.79155100e-01	4.97994500e-03	2.54754300e-04
8.91892000e-01	4.39196900e-03	2.44123000e-04
9.17365000e-01	4.23971774e-03	2.44540274e-04
9.30101300e-01	4.30526744e-03	2.43831004e-04
9.42837300e-01	3.98605287e-03	2.38057060e-04
9.55573100e-01	3.89307679e-03	2.36439454e-04
9.68308700e-01	3.82141873e-03	2.35522183e-04
9.81044100e-01	3.55531931e-03	2.31310672e-04
9.93779300e-01	3.85473764e-03	2.31101311e-04
1.00651400e+00	3.41098701e-03	2.33052467e-04
1.01320100e+00	3.41819041e-03	2.77261861e-05
1.01836200e+00	3.44239252e-03	2.78895583e-05
1.02352400e+00	3.37250458e-03	2.80220196e-05
1.02868600e+00	3.34712628e-03	2.76540409e-05
1.03384800e+00	3.32998894e-03	2.77597642e-05
1.03900900e+00	3.24578216e-03	2.77393363e-05
1.04417100e+00	3.23250070e-03	2.75609461e-05
1.04933300e+00	3.24201042e-03	2.75969556e-05
1.05449500e+00	3.10261651e-03	2.76924735e-05
1.05965600e+00	3.10212265e-03	2.74920484e-05
1.06481800e+00	3.10742648e-03	2.75584389e-05
1.06998000e+00	2.97710479e-03	2.76713473e-05
1.07514200e+00	3.00537732e-03	2.73180248e-05
1.08030300e+00	2.97173701e-03	2.74697192e-05
1.08546500e+00	2.96749327e-03	2.75928667e-05
1.09062700e+00	2.91441455e-03	2.72433471e-05
1.09578900e+00	2.83974105e-03	2.73292231e-05
1.10095000e+00	2.88850031e-03	2.74959523e-05
1.10611200e+00	2.87257030e-03	2.71806670e-05
1.11127400e+00	2.79983441e-03	2.76207320e-05
1.11643600e+00	2.77808819e-03	2.79655401e-05
1.12159800e+00	2.75345952e-03	2.80413957e-05
1.12675900e+00	2.67743903e-03	2.82442859e-05
1.13192100e+00	2.67825766e-03	2.84642637e-05
1.13708300e+00	2.58575270e-03	2.83255849e-05
1.14224500e+00	2.61688749e-03	2.82812545e-05
1.14740600e+00	2.64390473e-03	2.85019223e-05
1.15256800e+00	2.53331509e-03	2.84153564e-05
1.15773000e+00	2.53293059e-03	2.85592094e-05
1.16289200e+00	2.49634053e-03	2.84037795e-05
1.16805300e+00	2.50700794e-03	2.83327195e-05
1.17321500e+00	2.42739574e-03	2.84235847e-05
1.17837700e+00	2.42016103e-03	2.78875980e-05
1.18353900e+00	2.36520779e-03	2.74784776e-05
1.18870000e+00	2.36559986e-03	2.78841906e-05
1.19386200e+00	2.32488300e-03	2.78088902e-05
1.19902400e+00	2.30255962e-03	2.75120808e-05
1.20418600e+00	2.27900955e-03	2.79676182e-05
1.20934700e+00	2.23855352e-03	2.78129287e-05
1.21450900e+00	2.25270240e-03	2.76077753e-05
1.21967100e+00	2.24728920e-03	2.77999047e-05
1.22483300e+00	2.19134822e-03	2.76683353e-05
1.22999500e+00	2.17512795e-03	2.74158731e-05
1.23515600e+00	2.16593037e-03	2.78583949e-05
1.24031800e+00	2.10103750e-03	2.76116455e-05
1.24548000e+00	2.10885442e-03	2.75167755e-05
1.25064200e+00	2.08615328e-03	2.76100470e-05
1.25580300e+00	2.04309412e-03	2.75455916e-05
1.26096500e+00	2.03207504e-03	2.74284008e-05
1.26612700e+00	1.96835499e-03	2.76095422e-05
1.27128900e+00	1.96762387e-03	2.73967410e-05
1.27645000e+00	1.92111268e-03	2.72670562e-05
1.28161200e+00	1.95522498e-03	2.74493082e-05
1.28677400e+00	1.91410344e-03	2.72884011e-05
1.29193600e+00	1.91323601e-03	2.78221835e-05
1.29709700e+00	1.88772898e-03	2.80312996e-05
1.30225900e+00	1.89451863e-03	2.79759728e-05
1.30742100e+00	1.83641204e-03	2.82755839e-05
1.31258300e+00	1.79472511e-03	2.84408912e-05
1.31774400e+00	1.82302036e-03	2.83467027e-05
1.32290600e+00	1.81286281e-03	2.85566349e-05
1.32806800e+00	1.72565328e-03	2.89409104e-05
1.33323000e+00	1.74398617e-03	2.86986370e-05
1.33839100e+00	1.72693549e-03	2.90877586e-05
1.34355300e+00	1.67573549e-03	2.89864776e-05
1.34871500e+00	1.66573191e-03	2.89615570e-05
1.35387700e+00	1.63861370e-03	2.90458934e-05
1.35903800e+00	1.66877673e-03	2.86415097e-05
1.36420000e+00	1.58064677e-03	2.83655320e-05
1.36936200e+00	1.61003576e-03	2.80296590e-05
1.37452400e+00	1.61233263e-03	2.81932331e-05
1.37968600e+00	1.56254020e-03	2.81327573e-05
1.38484700e+00	1.58197778e-03	2.78421991e-05
1.39000900e+00	1.50117761e-03	2.79434969e-05
1.39517100e+00	1.51755353e-03	2.75749797e-05
1.40033300e+00	1.51862119e-03	2.76855071e-05
1.40549400e+00	1.53239652e-03	2.76621178e-05
1.41065600e+00	1.45844658e-03	2.75151265e-05
1.41581800e+00	1.47808860e-03	2.73357015e-05
1.42098000e+00	1.40150608e-03	2.75742225e-05
1.42614100e+00	1.42669593e-03	2.74086123e-05
1.43130300e+00	1.39338459e-03	2.72774468e-05
1.43646500e+00	1.39336860e-03	2.73676809e-05
1.44162700e+00	1.40688480e-03	2.71912174e-05
1.44678800e+00	1.38547427e-03	2.70859316e-05
1.45195000e+00	1.30424754e-03	2.72626644e-05
1.45711200e+00	1.32529965e-03	2.69353562e-05
1.46227400e+00	1.32349245e-03	2.68772614e-05
1.46743500e+00	1.30606568e-03	2.69571386e-05
1.47259700e+00	1.30872097e-03	2.70439149e-05
1.47775900e+00	1.26605388e-03	2.67062246e-05
1.48292100e+00	1.25747553e-03	2.68631521e-05
1.48808300e+00	1.24182569e-03	2.67226224e-05
1.49324400e+00	1.24711775e-03	2.66670179e-05
1.49840600e+00	1.24122161e-03	2.68383577e-05
1.50356800e+00	1.21967478e-03	2.65916251e-05
1.50873000e+00	1.17555217e-03	2.65299714e-05
1.51389100e+00	1.11305376e-03	2.66830876e-05
1.51905300e+00	1.15594044e-03	2.66369315e-05
1.52421500e+00	1.14810920e-03	2.65421625e-05
1.52937700e+00	1.16662719e-03	2.65816299e-05
1.53453800e+00	1.12343931e-03	2.65473115e-05
1.53970000e+00	1.10010379e-03	2.63103637e-05
1.54486200e+00	1.09406883e-03	2.65168464e-05
1.55002400e+00	1.07779218e-03	2.63766112e-05
1.55518500e+00	1.08775790e-03	2.62573001e-05
1.56034700e+00	1.06798043e-03	2.64862804e-05
1.56550900e+00	1.04202748e-03	2.63587326e-05
1.57067100e+00	1.04284274e-03	2.60966623e-05
1.57583200e+00	1.06375604e-03	2.63026318e-05
1.58099400e+00	1.00321627e-03	2.62129781e-05
1.58615600e+00	9.87301408e-04	2.60774208e-05
1.59131800e+00	1.00237914e-03	2.62098988e-05
1.59648000e+00	9.93102476e-04	2.60609977e-05
1.60164100e+00	8.95700902e-04	2.59129716e-05
1.60680300e+00	9.34739272e-04	2.61495408e-05
1.61196500e+00	9.94573987e-04	2.60003705e-05
1.61712700e+00	9.71254451e-04	2.58928214e-05
1.62228800e+00	9.66014559e-04	2.59838969e-05
1.62745000e+00	9.22351320e-04	2.59385821e-05
1.63261200e+00	8.88322314e-04	2.57247966e-05
1.63777400e+00	8.87439744e-04	2.59629306e-05
1.64293500e+00	9.11804230e-04	2.57662664e-05
1.64809700e+00	8.69582213e-04	2.57171908e-05
1.65325900e+00	8.65040638e-04	2.58069118e-05
1.65842100e+00	9.21547837e-04	2.58514778e-05
1.66358200e+00	9.04215305e-04	2.56245841e-05
1.66874400e+00	8.35564733e-04	2.57624720e-05
1.67390600e+00	8.30181897e-04	2.56624025e-05
1.67906800e+00	8.04825382e-04	2.54414487e-05
1.68422900e+00	8.04206826e-04	2.56350336e-05
1.68939100e+00	8.36998300e-04	2.56050565e-05
1.69455300e+00	7.84523495e-04	2.54811265e-05
1.69971500e+00	8.14474927e-04	2.58183288e-05
1.70487600e+00	7.94391873e-04	2.53693371e-05
1.71003800e+00	7.57842788e-04	2.54198766e-05
1.71520000e+00	7.42056143e-04	2.54354836e-05
1.72036200e+00	7.75160849e-04	2.53920113e-05
1.72552300e+00	7.29117531e-04	2.52523818e-05
1.73068500e+00	7.12184386e-04	2.53940726e-05
1.73584700e+00	7.27819758e-04	2.52774539e-05
1.74100900e+00	7.52656406e-04	2.51589590e-05
1.74617100e+00	7.49476125e-04	2.54858464e-05
1.75133200e+00	7.41102058e-04	2.51760803e-05
1.75649400e+00	6.98404514e-04	2.49929281e-05
1.76165600e+00	7.00147191e-04	2.51945394e-05
1.76681800e+00	6.71867257e-04	2.49956288e-05
1.77197900e+00	6.65752620e-04	2.49572635e-05
1.77714100e+00	6.30724096e-04	2.50542453e-05
1.78230300e+00	6.83749477e-04	2.49732743e-05
1.78746500e+00	6.52549995e-04	2.47815151e-05
1.79262600e+00	6.56646499e-04	2.50156528e-05
1.79778800e+00	6.32497061e-04	2.47644779e-05
1.80295000e+00	6.47815835e-04	2.45519291e-05
1.80811200e+00	6.30791993e-04	2.48274273e-05
1.81327300e+00	6.44134197e-04	2.46915670e-05
1.81843500e+00	5.70780343e-04	2.45651298e-05
1.82359700e+00	6.43477864e-04	2.47737327e-05
1.82875900e+00	6.22082061e-04	2.46364169e-05
1.83392000e+00	6.22885461e-04	2.46125312e-05
1.83908200e+00	5.65804802e-04	2.46654517e-05
1.84424400e+00	5.86781868e-04	2.46102679e-05
1.84940600e+00	5.95084504e-04	2.43739428e-05
1.85456800e+00	5.90414539e-04	2.46351549e-05
1.85972900e+00	5.49350549e-04	2.45748221e-05
1.86489100e+00	5.79810911e-04	2.43602205e-05
1.87005300e+00	5.49750440e-04	2.46256225e-05
1.87521500e+00	5.35898970e-04	2.44602983e-05
1.88037600e+00	5.55201257e-04	2.44099860e-05
1.88553800e+00	5.16502369e-04	2.45353462e-05
1.89070000e+00	5.14039166e-04	2.43397674e-05
1.89586200e+00	5.18875128e-04	2.42336234e-05
1.90102300e+00	5.38373532e-04	2.44395929e-05
1.90618500e+00	5.10421638e-04	2.43789656e-05
1.91134700e+00	4.96671971e-04	2.41944925e-05
1.91650900e+00	5.32526610e-04	2.44073105e-05
1.92167000e+00	5.18463963e-04	2.42111848e-05
1.92683200e+00	5.09282458e-04	2.43522277e-05
1.93199400e+00	5.14646448e-04	2.43597072e-05
1.93715600e+00	4.48946386e-04	2.41317282e-05
1.94231700e+00	5.03382785e-04	2.41194698e-05
1.94747900e+00	4.86042008e-04	2.42803769e-05
1.95264100e+00	5.06988954e-04	2.41824024e-05
1.95780300e+00	5.21832453e-04	2.40909314e-05
1.96296400e+00	4.32190344e-04	2.41757810e-05
1.96812600e+00	4.89353959e-04	2.41592906e-05
1.97328800e+00	4.40851225e-04	2.40496383e-05
1.97845000e+00	4.74012553e-04	2.41953507e-05
1.98361100e+00	4.54698909e-04	2.40649760e-05
1.98877300e+00	4.21481126e-04	2.39496697e-05
1.99393500e+00	4.24008440e-04	2.40874651e-05
1.99909700e+00	4.82054794e-04	2.39574942e-05
2.00425900e+00	4.72356535e-04	2.39638211e-05
2.00942000e+00	4.23257792e-04	2.40714038e-05
2.01458200e+00	3.99549639e-04	2.40067634e-05
2.01974400e+00	4.36622629e-04	2.39202732e-05
2.02490600e+00	3.83698967e-04	2.39933523e-05
2.03006700e+00	4.40892787e-04	2.39455303e-05
2.03522900e+00	3.79666404e-04	2.37370621e-05
2.04039100e+00	3.76803394e-04	2.39521938e-05
2.04555300e+00	3.62518127e-04	2.38018708e-05
2.05071400e+00	3.90488783e-04	2.38042771e-05
2.05587600e+00	3.68402741e-04	2.39134162e-05
2.06103800e+00	3.58357428e-04	2.37522567e-05
2.06620000e+00	3.93069017e-04	2.38289368e-05
2.07136200e+00	3.57421937e-04	2.38440137e-05
2.07652300e+00	3.90232341e-04	2.36845874e-05
2.08168500e+00	3.75596318e-04	2.36522546e-05
2.08684700e+00	3.98565098e-04	2.37923300e-05
2.09200800e+00	4.13925350e-04	2.37183926e-05
2.09717000e+00	4.05192787e-04	2.36504625e-05
2.10233200e+00	3.43449735e-04	2.37473769e-05
2.10749400e+00	3.67904749e-04	2.37265116e-05
2.11265500e+00	3.42902777e-04	2.42422388e-05
2.11781700e+00	3.51450497e-04	2.44873980e-05
2.12297900e+00	3.68772343e-04	2.45170218e-05
2.12814100e+00	3.42374665e-04	2.47266090e-05
2.13330200e+00	3.59579565e-04	2.49315857e-05
2.13846400e+00	3.65532075e-04	2.49208333e-05
2.14362600e+00	3.25826098e-04	2.52659191e-05
2.14878800e+00	3.73985564e-04	2.53543023e-05
2.15394900e+00	2.84656435e-04	2.53405210e-05
2.15911100e+00	3.47998967e-04	2.55024293e-05
2.16427300e+00	3.85234168e-04	2.56540227e-05
2.16943500e+00	3.09707542e-04	2.55800265e-05
2.17459700e+00	2.86806658e-04	2.54594198e-05
2.17975800e+00	3.03306091e-04	2.51731440e-05
2.18492000e+00	3.51024272e-04	2.48336869e-05
2.19008200e+00	3.48719494e-04	2.47047172e-05
2.19524400e+00	3.06154125e-04	2.47846449e-05
2.20040500e+00	3.25505462e-04	2.46469590e-05
2.20556700e+00	3.29040033e-04	2.44026663e-05
2.21072900e+00	2.93158975e-04	2.44328621e-05
2.21589100e+00	2.76512392e-04	2.42891016e-05
2.22105200e+00	2.97994937e-04	2.41025083e-05
2.22621400e+00	3.27497092e-04	2.43140222e-05
2.23137600e+00	3.06610554e-04	2.40538955e-05
2.23653800e+00	2.66425516e-04	2.41372558e-05
2.24169900e+00	2.93313614e-04	2.41325611e-05
2.24686100e+00	3.13517401e-04	2.40750721e-05
2.25202300e+00	2.32377748e-04	2.38294585e-05
2.25718500e+00	3.06410651e-04	2.40904014e-05
2.26234700e+00	2.71634867e-04	2.38025271e-05
2.26750800e+00	3.56561831e-04	2.38586868e-05
2.27267000e+00	2.72042330e-04	2.39789653e-05
2.27783200e+00	2.54135750e-04	2.37859694e-05
2.28299400e+00	2.94090680e-04	2.38423058e-05
2.28815500e+00	3.38149855e-04	2.40518510e-05
2.29331700e+00	2.51751717e-04	2.37214299e-05
2.29847900e+00	2.45071192e-04	2.37600897e-05
2.30364100e+00	2.45222129e-04	2.38547072e-05
2.30880200e+00	2.89549020e-04	2.36505382e-05
2.31396400e+00	2.87753423e-04	2.36172547e-05
2.31912600e+00	2.89130283e-04	2.37870800e-05
2.32428800e+00	2.60853967e-04	2.35394976e-05
2.32944900e+00	2.37130753e-04	2.36737425e-05
2.33461100e+00	2.78832230e-04	2.37610151e-05
2.33977300e+00	2.74954391e-04	2.35843581e-05
2.34493500e+00	2.66912150e-04	2.35510156e-05
2.35009600e+00	3.09892386e-04	2.36206789e-05
2.35525800e+00	2.73905739e-04	2.34060520e-05
2.36042000e+00	2.30125806e-04	2.34987008e-05
2.36558200e+00	2.43634007e-04	2.35347356e-05
2.37074400e+00	2.64166002e-04	2.35068955e-05
2.37590500e+00	2.32966184e-04	2.34307875e-05
2.38106700e+00	2.23554655e-04	2.36370262e-05
2.38622900e+00	2.72385514e-04	2.33026088e-05
2.39139100e+00	2.83517339e-04	2.34221301e-05
2.39655200e+00	2.79398034e-04	2.34987682e-05
2.40171400e+00	2.78941605e-04	2.33220775e-05
2.40687600e+00	2.48654813e-04	2.33612168e-05
2.41203800e+00	2.91031468e-04	2.34137503e-05
2.41719900e+00	2.60295735e-04	2.32075958e-05
2.42236100e+00	1.98149006e-04	2.33665004e-05
2.42752300e+00	2.48771760e-04	2.33936759e-05
2.43268500e+00	2.34361974e-04	2.32192400e-05
2.43784600e+00	2.65131613e-04	2.31138364e-05
2.44300800e+00	2.13716818e-04	2.32074191e-05
2.44817000e+00	2.43849055e-04	2.29809965e-05
2.45333200e+00	2.35742620e-04	2.31246056e-05
2.45849300e+00	2.10570780e-04	2.30567259e-05
2.46365500e+00	2.30718028e-04	2.29486384e-05
2.46881700e+00	2.30944350e-04	2.29845049e-05
2.47397900e+00	2.04776695e-04	2.30109736e-05
2.47914100e+00	2.08315052e-04	2.28131400e-05
2.48430200e+00	2.17043829e-04	2.29423031e-05
2.48946400e+00	2.11046139e-04	2.28841746e-05
2.49462600e+00	2.27345668e-04	2.27667987e-05
2.49978800e+00	2.13075461e-04	2.28819535e-05
2.50494900e+00	2.51706452e-04	2.28853441e-05
2.51011100e+00	2.34663764e-04	2.27811352e-05
2.51527300e+00	2.14459893e-04	2.28522625e-05
2.52043500e+00	2.21449781e-04	2.29322743e-05
2.52559600e+00	2.79345282e-04	2.27612206e-05
2.53075800e+00	2.08247155e-04	2.27772987e-05
2.53592000e+00	2.11238470e-04	2.28181712e-05
2.54108200e+00	2.41853555e-04	2.27149130e-05
2.54624300e+00	2.42962531e-04	2.28191472e-05
2.55140500e+00	2.03282972e-04	2.27411293e-05
2.55656700e+00	2.15289795e-04	2.27315548e-05
2.56172900e+00	1.92479440e-04	2.27787206e-05
2.56689000e+00	2.05493436e-04	2.27827506e-05
2.57205200e+00	2.07077771e-04	2.28757949e-05
2.57721400e+00	2.27839874e-04	2.33118383e-05
2.58237600e+00	2.00970622e-04	2.35820360e-05
2.58753800e+00	2.27519238e-04	2.37236679e-05
2.59269900e+00	1.82524572e-04	2.37602074e-05
2.59786100e+00	2.16538350e-04	2.38710377e-05
2.60302300e+00	2.64071688e-04	2.33498250e-05
2.60818500e+00	2.36730947e-04	2.33039717e-05
2.61334600e+00	2.36297065e-04	2.32820631e-05
2.61850800e+00	2.32340056e-04	2.30745961e-05
2.62367000e+00	1.74784037e-04	2.30699939e-05
2.62883200e+00	1.76243937e-04	2.30635324e-05
2.63399300e+00	2.04527741e-04	2.28563177e-05
2.63915500e+00	2.09137382e-04	2.29677369e-05
2.64431700e+00	2.04893642e-04	2.29868102e-05
2.64947900e+00	1.85089662e-04	2.29660374e-05
2.65464000e+00	2.02124946e-04	2.29944160e-05
2.65980200e+00	2.40329544e-04	2.30447872e-05
2.66496400e+00	1.70615849e-04	2.28426122e-05
2.67012600e+00	1.78477033e-04	2.29237346e-05
2.67528700e+00	2.13724306e-04	2.29458031e-05
2.68044900e+00	1.96187496e-04	2.27706941e-05
2.68561100e+00	1.74157908e-04	2.29009595e-05
2.69077300e+00	2.30797283e-04	2.28116087e-05
2.69593500e+00	2.10114351e-04	2.28013527e-05
2.70109600e+00	2.13622503e-04	2.29155736e-05
2.70625800e+00	2.25655744e-04	2.28212673e-05
2.71142000e+00	2.09031709e-04	2.27561978e-05
2.71658100e+00	1.56232482e-04	2.27612038e-05
2.72174300e+00	2.33871554e-04	2.27763732e-05
2.72690500e+00	1.94176852e-04	2.26808133e-05
2.73206700e+00	2.41231128e-04	2.28454728e-05
2.73722800e+00	1.64263449e-04	2.26850032e-05
2.74239000e+00	1.75278242e-04	2.26700694e-05
2.74755200e+00	1.75870465e-04	2.27490716e-05
2.75271400e+00	1.97598262e-04	2.27249166e-05
2.75787500e+00	2.06074300e-04	2.26583915e-05
2.76303700e+00	1.73494004e-04	2.26143556e-05
2.76819900e+00	1.74934974e-04	2.26067666e-05
2.77336100e+00	2.12192891e-04	2.25175000e-05
2.77852200e+00	1.67100209e-04	2.26414553e-05
2.78368400e+00	1.83871227e-04	2.26160971e-05
2.78884600e+00	1.77235966e-04	2.24785458e-05
2.79400800e+00	2.07896315e-04	2.25877523e-05
2.79917000e+00	1.71977565e-04	2.26083736e-05
2.80433100e+00	1.87741579e-04	2.23958669e-05
2.80949300e+00	2.12026894e-04	2.25333341e-05
2.81465500e+00	1.40630764e-04	2.24079234e-05
2.81981700e+00	2.06398806e-04	2.22984392e-05
2.82497800e+00	1.70578157e-04	2.24600194e-05
2.83014000e+00	2.18779102e-04	2.24050375e-05
2.83530200e+00	2.07470090e-04	2.23494499e-05
2.84046400e+00	1.31038094e-04	2.24646468e-05
2.84562500e+00	2.01253566e-04	2.24813306e-05
2.85078700e+00	2.12124911e-04	2.23435269e-05
2.85594900e+00	1.80042522e-04	2.24594641e-05
2.86111100e+00	1.71766388e-04	2.23743706e-05
2.86627200e+00	1.57880927e-04	2.22915907e-05
2.87143400e+00	1.86809790e-04	2.24767285e-05
2.87659600e+00	1.81679610e-04	2.23110257e-05
2.88175800e+00	1.92253118e-04	2.23391266e-05
2.88691900e+00	1.80615898e-04	2.23338851e-05
2.89208100e+00	1.85806403e-04	2.23608165e-05
2.89724300e+00	1.83780783e-04	2.21416295e-05
2.90240500e+00	1.99673017e-04	2.22662158e-05
2.90756700e+00	1.91366594e-04	2.22373240e-05
2.91272800e+00	2.03471602e-04	2.21295562e-05
2.91789000e+00	1.75972351e-04	2.23208611e-05
2.92305200e+00	1.94757884e-04	2.21990513e-05
2.92821400e+00	2.14561780e-04	2.23944366e-05
2.93337500e+00	1.60442232e-04	2.28518586e-05
2.93853700e+00	1.58948425e-04	2.30525444e-05
2.94369900e+00	1.74116430e-04	2.31827845e-05
2.94886100e+00	1.57545231e-04	2.34433236e-05
2.95402200e+00	2.03954449e-04	2.34612863e-05
2.95918400e+00	1.71193012e-04	2.36660526e-05
2.96434600e+00	1.78710927e-04	2.38471267e-05
2.96950800e+00	2.01313890e-04	2.37196631e-05
2.97466900e+00	2.10687727e-04	2.40018583e-05
2.97983100e+00	1.98092384e-04	2.42212304e-05
2.98499300e+00	1.52441469e-04	2.41502714e-05
2.99015500e+00	1.25394946e-04	2.41925826e-05
2.99531700e+00	1.59770839e-04	2.41072030e-05
3.00047800e+00	1.88299810e-04	2.36920922e-05
3.00564000e+00	1.95855586e-04	2.33339320e-05
3.01080200e+00	1.56164585e-04	2.34401012e-05
3.01596400e+00	2.15738736e-04	2.31340118e-05
3.02112500e+00	1.64399326e-04	2.30478750e-05
3.02628700e+00	1.92200282e-04	2.31504180e-05
3.03144900e+00	2.07771880e-04	2.30032080e-05
3.03661100e+00	1.82860352e-04	2.28387589e-05
3.04177200e+00	1.64848183e-04	2.29579353e-05
3.04693400e+00	1.44885778e-04	2.28611218e-05
3.05209600e+00	1.70732712e-04	2.27830451e-05
3.05725800e+00	1.47126445e-04	2.28174645e-05
3.06241900e+00	1.64018281e-04	2.27639718e-05
3.06758100e+00	1.65908192e-04	2.27059359e-05
3.07274300e+00	1.84870912e-04	2.29110724e-05
3.07790500e+00	1.37816720e-04	2.27014347e-05
3.08306600e+00	1.95753699e-04	2.26205142e-05
3.08822800e+00	1.64489770e-04	2.28297565e-05
3.09339000e+00	1.77058779e-04	2.26697833e-05
3.09855200e+00	1.45923071e-04	2.26086008e-05
3.10371400e+00	1.61389080e-04	2.27358541e-05
3.10887500e+00	1.49472786e-04	2.25215469e-05
3.11403700e+00	1.54402979e-04	2.26136909e-05
3.11919900e+00	1.65206511e-04	2.27507206e-05
3.12436100e+00	1.24183999e-04	2.25148750e-05
3.12952200e+00	1.53501479e-04	2.25146563e-05
3.13468400e+00	1.85508399e-04	2.26350779e-05
3.13984600e+00	1.53022417e-04	2.23441326e-05
3.14500800e+00	1.32494208e-04	2.24307490e-05
3.15016900e+00	1.72139776e-04	2.24262562e-05
3.15533100e+00	1.85470706e-04	2.23041183e-05
3.16049300e+00	1.81649405e-04	2.23130786e-05
3.16565500e+00	1.52845062e-04	2.24306481e-05
3.17081600e+00	1.88726119e-04	2.22237195e-05
3.17597800e+00	1.23927558e-04	2.22738215e-05
3.18114000e+00	1.29261427e-04	2.22646172e-05
3.18630200e+00	1.71475871e-04	2.21772689e-05
3.19146300e+00	1.46579488e-04	2.22437435e-05
3.19662500e+00	1.57269859e-04	2.22848768e-05
3.20178700e+00	1.81770138e-04	2.21680645e-05
3.20694900e+00	1.03950008e-04	2.22895546e-05
3.21211100e+00	1.66519261e-04	2.23070798e-05
3.21727200e+00	1.47330135e-04	2.21835958e-05
3.22243400e+00	1.61841808e-04	2.22806196e-05
3.22759600e+00	1.58729675e-04	2.23349283e-05
3.23275800e+00	1.83958054e-04	2.22237699e-05
3.23791900e+00	1.55372460e-04	2.23143070e-05
3.24308100e+00	1.62430244e-04	2.22470752e-05
3.24824300e+00	1.24406619e-04	2.22485139e-05
3.25340500e+00	1.76960678e-04	2.23128767e-05
3.25856600e+00	2.03358441e-04	2.24125087e-05
3.26372800e+00	1.35361004e-04	2.21549985e-05
3.26889000e+00	1.87896218e-04	2.23579223e-05
3.27405200e+00	1.92000379e-04	2.23345245e-05
3.27921300e+00	1.02776922e-04	2.22356245e-05
3.28437500e+00	1.44587774e-04	2.23107060e-05
3.28953700e+00	1.48522151e-04	2.23117493e-05
3.29469900e+00	1.54829288e-04	2.21879876e-05
3.29986000e+00	1.47413091e-04	2.23989126e-05
3.30502200e+00	2.12702073e-04	2.23905664e-05
3.31018400e+00	1.16009752e-04	2.22014407e-05
3.31534600e+00	1.77624583e-04	2.23829439e-05
3.32050700e+00	1.73252622e-04	2.22598300e-05
3.32566900e+00	1.51215462e-04	2.23098479e-05
3.33083100e+00	1.43486286e-04	2.22629934e-05
3.33599300e+00	1.45553384e-04	2.22991880e-05
3.34115400e+00	1.20408047e-04	2.21305743e-05
3.34631600e+00	1.44765045e-04	2.23001472e-05
3.35147800e+00	1.37941155e-04	2.21789179e-05
3.35664000e+00	1.33878556e-04	2.22039310e-05
3.36180100e+00	1.29774395e-04	2.23262961e-05
3.36696300e+00	1.54180443e-04	2.21896955e-05
3.37212500e+00	1.43237332e-04	2.21618554e-05
3.37728700e+00	1.08940694e-04	2.22567591e-05
3.38244800e+00	1.47914869e-04	2.22528384e-05
3.38761000e+00	1.40604345e-04	2.22502134e-05
3.39277200e+00	1.24580104e-04	2.23339524e-05
3.39793400e+00	1.23821885e-04	2.22683696e-05
3.40309500e+00	1.47258452e-04	2.22252339e-05
3.40825700e+00	1.69050360e-04	2.25038955e-05
3.41341900e+00	1.52958223e-04	2.22328565e-05
3.41858100e+00	1.47801708e-04	2.22275560e-05
3.42374300e+00	1.67662227e-04	2.23578297e-05
3.42890400e+00	1.41796362e-04	2.22456449e-05
3.43406600e+00	1.38691802e-04	2.22052099e-05
3.43922800e+00	1.13927509e-04	2.24309678e-05
3.44439000e+00	1.15628707e-04	2.22475463e-05
3.44955100e+00	1.11437803e-04	2.22057568e-05
3.45471300e+00	1.35134683e-04	2.24086133e-05
3.45987500e+00	8.90838774e-05	2.22633047e-05
3.46503700e+00	1.17050831e-04	2.21468627e-05
3.47019800e+00	1.37609244e-04	2.23625244e-05
3.47536000e+00	1.41969931e-04	2.22733756e-05
3.48052200e+00	1.21849017e-04	2.22014912e-05
3.48568400e+00	1.22199942e-04	2.23620449e-05
3.49084500e+00	1.67013466e-04	2.22188397e-05
3.49600700e+00	1.30638287e-04	2.22173421e-05
3.50116900e+00	1.73573258e-04	2.24789244e-05
3.50633100e+00	1.54244638e-04	2.23503586e-05
3.51149200e+00	1.57730074e-04	2.21625033e-05
3.51665400e+00	1.42513103e-04	2.24361841e-05
3.52181600e+00	1.17360193e-04	2.22222892e-05
3.52697800e+00	9.97327707e-05	2.22392507e-05
3.53214000e+00	1.54731187e-04	2.24234546e-05
3.53730100e+00	1.51694524e-04	2.23272469e-05
3.54246300e+00	1.78005544e-04	2.22640619e-05
3.54762500e+00	1.27827945e-04	2.24405843e-05
3.55278700e+00	1.49016273e-04	2.23512420e-05
3.55794800e+00	1.27107502e-04	2.22295668e-05
3.56311000e+00	8.28673451e-05	2.24419137e-05
3.56827200e+00	1.08273003e-04	2.22895631e-05
3.57343400e+00	1.47047191e-04	2.21687713e-05
3.57859500e+00	1.65636606e-04	2.24381024e-05
3.58375700e+00	1.64527546e-04	2.22494814e-05
3.58891900e+00	1.60393265e-04	2.23197926e-05
3.59408100e+00	1.06858451e-04	2.23643586e-05
3.59924200e+00	1.57748921e-04	2.23263635e-05
3.60440400e+00	1.37073560e-04	2.21918578e-05
3.60956600e+00	1.47299931e-04	2.24954232e-05
3.61472800e+00	1.50464815e-04	2.22071786e-05
3.61988900e+00	1.64716092e-04	2.23581326e-05
3.62505100e+00	1.42882705e-04	2.23523778e-05
3.63021300e+00	1.74056022e-04	2.22813768e-05
3.63537500e+00	1.51996314e-04	2.23248406e-05
3.64053700e+00	1.46209801e-04	2.25080012e-05
3.64569800e+00	1.36062685e-04	2.22588792e-05
3.65086000e+00	9.37237223e-05	2.23386891e-05
3.65602200e+00	1.59914120e-04	2.24451276e-05
3.66118400e+00	1.41577612e-04	2.22352459e-05
3.66634500e+00	8.41008398e-05	2.24063837e-05
3.67150700e+00	1.43365553e-04	2.24010496e-05
3.67666900e+00	1.59378520e-04	2.22834633e-05
3.68183100e+00	1.18246633e-04	2.23562732e-05
3.68699200e+00	1.46685076e-04	2.23900027e-05
3.69215400e+00	1.47824340e-04	2.23027553e-05
3.69731600e+00	1.88756240e-04	2.23930820e-05
3.70247800e+00	1.14244275e-04	2.23966914e-05
3.70763900e+00	1.12007477e-04	2.23716278e-05
3.71280100e+00	1.76979524e-04	2.23594030e-05
3.71796300e+00	1.42728066e-04	2.24031361e-05
3.72312500e+00	1.29370802e-04	2.21777316e-05
3.72828700e+00	1.73882621e-04	2.24645038e-05
3.73344800e+00	1.33878556e-04	2.24589677e-05
3.73861000e+00	1.42731852e-04	2.23375954e-05
3.74377200e+00	1.01135965e-04	2.24131060e-05
3.74893400e+00	1.54380347e-04	2.27733696e-05
3.75409500e+00	1.76126990e-04	2.30935011e-05
3.75925700e+00	1.79608725e-04	2.35518065e-05
3.76441900e+00	1.63584484e-04	2.34790555e-05
3.76958100e+00	1.39906450e-04	2.37989429e-05
3.77474200e+00	1.53697596e-04	2.38826651e-05
3.77990400e+00	1.43561754e-04	2.38571387e-05
3.78506600e+00	1.18438965e-04	2.40196864e-05
3.79022800e+00	1.52215147e-04	2.41926247e-05
3.79538900e+00	1.46866218e-04	2.39738668e-05
3.80055100e+00	1.72003983e-04	2.41863819e-05
3.80571300e+00	1.58111035e-04	2.41967894e-05
3.81087500e+00	9.39198396e-05	2.41627149e-05
3.81603600e+00	1.56843550e-04	2.35093607e-05
3.82119800e+00	1.62309511e-04	2.34840362e-05
3.82636000e+00	1.11037997e-04	2.32015633e-05
3.83152200e+00	9.17809744e-05	2.30128667e-05
3.83668400e+00	1.26918873e-04	2.33141015e-05
3.84184500e+00	1.56753021e-04	2.30712980e-05
3.84700700e+00	1.47088753e-04	2.30087441e-05
3.85216900e+00	1.27228235e-04	2.31507377e-05
3.85733100e+00	1.58541130e-04	2.30259496e-05
3.86249200e+00	1.09114179e-04	2.28863958e-05
3.86765400e+00	1.70427220e-04	2.31464637e-05
3.87281600e+00	1.39510430e-04	2.30907751e-05
3.87797800e+00	1.42399942e-04	2.29931876e-05
3.88313900e+00	1.57828091e-04	2.32180368e-05
3.88830100e+00	1.11660423e-04	2.30588125e-05
3.89346300e+00	1.43022284e-04	2.29314666e-05
3.89862500e+00	1.22313102e-04	2.32051979e-05
3.90378600e+00	1.10634404e-04	2.29361445e-05
3.90894800e+00	1.29314264e-04	2.29068657e-05
3.91411000e+00	1.28356057e-04	2.31016621e-05
3.91927200e+00	1.49597221e-04	2.30333366e-05
3.92443300e+00	1.38718220e-04	2.28646470e-05
3.92959500e+00	1.00513538e-04	2.31796127e-05
3.93475700e+00	1.49404890e-04	2.30777595e-05
3.93991900e+00	1.27141408e-04	2.29209330e-05
3.94508000e+00	1.42867645e-04	2.31636019e-05
3.95024200e+00	1.46820869e-04	2.30308714e-05
3.95540400e+00	1.20581616e-04	2.29405952e-05
3.96056600e+00	1.35685427e-04	2.32400380e-05
3.96572700e+00	1.49710382e-04	2.30871069e-05
3.97088900e+00	1.00702252e-04	2.30648617e-05
3.97605100e+00	1.19600861e-04	2.33089861e-05
3.98121300e+00	1.04530957e-04	2.30348173e-05
3.98637400e+00	1.14866702e-04	2.31067270e-05
3.99153600e+00	1.61249501e-04	2.33367337e-05
3.99669800e+00	1.63637320e-04	2.30759675e-05
4.00186000e+00	1.39197281e-04	2.31521259e-05
4.00702100e+00	1.68812765e-04	2.32830475e-05
4.01218300e+00	8.96798856e-05	2.30433485e-05
4.01734500e+00	1.13135299e-04	2.33208323e-05
4.02250700e+00	1.32754436e-04	2.32692747e-05
4.02766800e+00	1.16794389e-04	2.32204683e-05
4.03283000e+00	1.48491947e-04	2.32739021e-05
4.03799200e+00	1.34104877e-04	2.33013972e-05
4.04315400e+00	1.36175846e-04	2.30740071e-05
4.04831600e+00	1.42354594e-04	2.32988648e-05
4.05347700e+00	1.34025623e-04	2.33033239e-05
4.05863900e+00	1.51509765e-04	2.32528601e-05
4.06380100e+00	1.25911700e-04	2.33820485e-05
4.06896300e+00	1.26650989e-04	2.32892819e-05
4.07412400e+00	1.04915703e-04	2.33229693e-05
4.07928600e+00	1.03565262e-04	2.34298537e-05
4.08444800e+00	1.73871263e-04	2.32650007e-05
4.08961000e+00	1.13731392e-04	2.33614355e-05
4.09477100e+00	1.31913260e-04	2.34625988e-05
4.09993300e+00	9.59416738e-05	2.32751136e-05
4.10509500e+00	1.28337211e-04	2.33581627e-05
4.11025700e+00	1.10894632e-04	2.34808055e-05
4.11541800e+00	1.42222587e-04	2.34582574e-05
4.12058000e+00	1.26077697e-04	2.33988754e-05
4.12574200e+00	1.38031767e-04	2.35465144e-05
4.13090400e+00	1.67948873e-04	2.33518779e-05
4.13606500e+00	1.46745485e-04	2.35473978e-05
4.14122700e+00	1.20151521e-04	2.36091357e-05
4.14638900e+00	1.07039424e-04	2.34747646e-05
4.15155100e+00	6.99438274e-05	2.34861228e-05
4.15671300e+00	1.01931960e-04	2.37127977e-05
4.16187400e+00	1.04700740e-04	2.34658295e-05
4.16703600e+00	1.13105179e-04	2.36541981e-05
4.17219800e+00	1.45398829e-04	2.37555043e-05
4.17736000e+00	1.02973040e-04	2.35731009e-05
4.18252100e+00	8.40857125e-05	2.36066621e-05
4.18768300e+00	1.31260629e-04	2.38536976e-05
4.19284500e+00	1.07854266e-04	2.35398594e-05
4.19800700e+00	1.33788027e-04	2.37312736e-05
4.20316800e+00	1.10174188e-04	2.38082230e-05
4.20833000e+00	9.64773577e-05	2.36162282e-05
4.21349200e+00	1.47635711e-04	2.37628324e-05
4.21865400e+00	9.79485321e-05	2.38252181e-05
4.22381500e+00	1.04855379e-04	2.36642606e-05
4.22897700e+00	9.78126550e-05	2.37345633e-05
4.23413900e+00	1.14082148e-04	2.39117924e-05
4.23930100e+00	1.13588027e-04	2.35851490e-05
4.24446200e+00	1.09068915e-04	2.37832771e-05
4.24962400e+00	1.60645921e-04	2.38726531e-05
4.25478600e+00	1.23489975e-04	2.36399709e-05
4.25994800e+00	9.21921393e-05	2.38558935e-05
4.26511000e+00	1.64980190e-04	2.39582683e-05
4.27027100e+00	1.10181676e-04	2.37348746e-05
4.27543300e+00	1.41611519e-04	2.44861024e-05
4.28059500e+00	1.10223155e-04	2.47441258e-05
4.28575700e+00	1.23686092e-04	2.51534902e-05
4.29091800e+00	6.91365997e-05	2.51958519e-05
4.29608000e+00	1.35157315e-04	2.53991459e-05
4.30124200e+00	1.52728115e-04	2.54217276e-05
4.30640400e+00	1.39208640e-04	2.54642323e-05
4.31156500e+00	1.51585149e-04	2.55386828e-05
4.31672700e+00	1.13154145e-04	2.56781609e-05
4.32188900e+00	1.05866338e-04	2.57923733e-05
4.32705100e+00	1.16598188e-04	2.58806808e-05
4.33221200e+00	1.36971674e-04	2.58800078e-05
4.33737400e+00	1.15640065e-04	2.60255519e-05
4.34253600e+00	9.60888249e-05	2.60044846e-05
4.34769800e+00	1.59401152e-04	2.61412535e-05
4.35285900e+00	8.34368931e-05	2.62464216e-05
4.35802100e+00	1.65123555e-04	2.64393418e-05
4.36318300e+00	1.49551957e-04	2.64557648e-05
4.36834500e+00	1.12094220e-04	2.65433656e-05
4.37350700e+00	1.17096095e-04	2.66103534e-05
4.37866800e+00	1.19996966e-04	2.65347166e-05
4.38383000e+00	1.36998176e-04	2.66294351e-05
4.38899200e+00	1.15557109e-04	2.66289303e-05
4.39415400e+00	1.53773064e-04	2.68162135e-05
4.39931500e+00	1.15919223e-04	2.67356295e-05
4.40447700e+00	1.13157931e-04	2.70287034e-05
4.40963900e+00	1.18718123e-04	2.69272625e-05
4.41480100e+00	1.24685693e-04	2.70546925e-05
4.41996200e+00	1.39099265e-04	2.72397293e-05
4.42512400e+00	9.87897080e-05	2.72477810e-05
4.43028600e+00	1.08586067e-04	2.72474192e-05
4.43544800e+00	1.20313816e-04	2.71797667e-05
4.44060900e+00	9.90726520e-05	2.73417255e-05
4.44577100e+00	1.31532299e-04	2.74665725e-05
4.45093300e+00	1.51373972e-04	2.76098282e-05
4.45609500e+00	1.54188015e-04	2.75762418e-05
4.46125700e+00	1.08925550e-04	2.76227597e-05
4.46641800e+00	1.05179717e-04	2.77265058e-05
4.47158000e+00	6.45005577e-05	2.78014780e-05
4.47674200e+00	1.45357267e-04	2.77739913e-05
4.48190400e+00	1.01822585e-04	2.77726367e-05
4.48706500e+00	1.12663726e-04	2.76361959e-05
4.49222700e+00	1.51438082e-04	2.77654432e-05
4.49738900e+00	1.07782584e-04	2.77448135e-05
4.50255100e+00	1.57963884e-04	2.78629382e-05
4.50771200e+00	1.30362831e-04	2.77635670e-05
4.51287400e+00	6.76880490e-05	2.78249263e-05
4.51803600e+00	7.92761853e-05	2.79685858e-05
4.52319800e+00	1.09778084e-04	2.77800658e-05
4.52835900e+00	1.10890930e-04	2.79112229e-05
4.53352100e+00	7.80992794e-05	2.77855850e-05
4.53868300e+00	1.70608277e-04	2.79030282e-05
4.54384500e+00	1.28144795e-04	2.78929910e-05
4.54900600e+00	6.65186816e-05	2.78990655e-05
4.55416800e+00	9.52211467e-05	2.77681355e-05
4.55933000e+00	1.53078956e-04	2.78350476e-05
4.56449200e+00	1.19695176e-04	2.79384825e-05
4.56965400e+00	8.70431130e-05	2.79141845e-05
4.57481500e+00	1.56338155e-04	2.78179179e-05
4.57997700e+00	9.03777806e-05	2.79145715e-05
4.58513900e+00	1.24836630e-04	2.77856439e-05
4.59030100e+00	1.18427691e-04	2.79647577e-05
4.59546200e+00	9.32898411e-05	2.78180777e-05
4.60062400e+00	1.27899628e-04	2.80539486e-05
4.60578600e+00	1.13108965e-04	2.80728115e-05
4.61094800e+00	1.75795080e-04	2.81536731e-05
4.61610900e+00	1.14040670e-04	2.83165742e-05
4.62127100e+00	1.54369073e-04	2.82009987e-05
4.62643300e+00	9.12867689e-05	2.82606416e-05
4.63159500e+00	1.28325937e-04	2.84533010e-05
4.63675600e+00	1.67254848e-04	2.84889572e-05
4.64191800e+00	7.71449175e-05	2.85460844e-05
4.64708000e+00	8.80502861e-05	2.86093114e-05
4.65224200e+00	1.00373959e-04	2.87374145e-05
4.65740300e+00	1.03765249e-04	2.87336621e-05
4.66256500e+00	1.04666749e-04	2.89901627e-05
4.66772700e+00	1.13225912e-04	2.90604907e-05
4.67288900e+00	9.57908208e-05	2.89413563e-05
4.67805100e+00	1.01407635e-04	2.90889618e-05
4.68321200e+00	1.15010067e-04	2.91268307e-05
4.68837400e+00	7.61792142e-05	2.93874538e-05
4.69353600e+00	8.44139124e-05	2.93847279e-05
4.69869800e+00	1.27752477e-04	2.95018851e-05
4.70385900e+00	1.20766375e-04	2.95922286e-05
4.70902100e+00	1.20438251e-04	2.98108098e-05
4.71418300e+00	1.37794088e-04	2.98524564e-05
4.71934500e+00	9.78806356e-05	2.99409489e-05
4.72450600e+00	1.31773681e-04	3.00367528e-05
4.72966800e+00	1.12509171e-04	3.00370978e-05
4.73483000e+00	1.12965600e-04	3.02148317e-05
4.73999200e+00	1.47450868e-04	3.02341069e-05
4.74515300e+00	8.19582307e-05	3.03010527e-05
4.75031500e+00	1.23108930e-04	3.05580412e-05
4.75547700e+00	1.13697401e-04	3.05342985e-05
4.76063900e+00	1.05326868e-04	3.07478737e-05
4.76580000e+00	1.08318267e-04	3.09593540e-05
4.77096200e+00	6.09924301e-05	3.07427247e-05
4.77612400e+00	1.40751497e-04	3.09666653e-05
4.78128600e+00	1.15538178e-04	3.10234560e-05
4.78644800e+00	8.67375368e-05	3.10790184e-05
4.79160900e+00	1.01720699e-04	3.12331022e-05
4.79677100e+00	1.20894680e-04	3.13987460e-05
4.80193300e+00	1.33855924e-04	3.14366990e-05
4.80709500e+00	1.32441372e-04	3.16255808e-05
4.81225600e+00	1.16043658e-04	3.16192539e-05
4.81741800e+00	1.03146609e-04	3.18627137e-05
4.82258000e+00	1.65715777e-04	3.18246176e-05
4.82774200e+00	1.52501793e-04	3.19428433e-05
4.83290300e+00	1.29887556e-04	3.19652399e-05
4.83806500e+00	7.32557788e-05	3.19717098e-05
4.84322700e+00	7.90046078e-05	3.22405782e-05
4.84838800e+00	8.54172995e-05	3.22637235e-05
4.85355000e+00	8.33954400e-05	3.24709382e-05
4.85871200e+00	1.12886346e-04	3.25295967e-05
4.86387300e+00	1.85900717e-04	3.27732500e-05
4.86903500e+00	1.11799918e-04	3.28045648e-05
4.87419700e+00	1.21302059e-04	3.27148859e-05
4.87935900e+00	1.37526288e-04	3.28487017e-05
4.88452100e+00	1.54602966e-04	3.29025982e-05
4.88968200e+00	1.23116502e-04	3.29257689e-05
4.89484400e+00	1.68024341e-04	3.29040538e-05
4.90000600e+00	1.72871577e-04	3.31425412e-05
4.90516800e+00	1.10630618e-04	3.31596878e-05
4.91032900e+00	1.31660520e-04	3.34244167e-05
4.91549100e+00	9.09284404e-05	3.39257821e-05
4.92065300e+00	9.75712734e-05	3.35752950e-05
4.92581500e+00	1.22346924e-04	3.38992714e-05
4.93097600e+00	9.16866598e-05	3.40531785e-05
4.93613800e+00	1.19993180e-04	3.40435367e-05
4.94130000e+00	7.08642159e-05	3.43931236e-05
4.94646200e+00	1.10924836e-04	3.46140017e-05
4.95162300e+00	7.35538249e-05	3.46967395e-05
4.95678500e+00	9.90047556e-05	3.49601727e-05
4.96194700e+00	8.71638459e-05	3.50949140e-05
4.96710900e+00	6.77031680e-05	3.54964708e-05
4.97227000e+00	1.31905688e-04	3.53670889e-05
4.97743200e+00	7.30332264e-05	3.55048253e-05
4.98259400e+00	1.52369787e-04	3.56930172e-05
4.98775600e+00	1.63328042e-04	3.59855778e-05
4.99291800e+00	5.65374791e-05	3.59898182e-05
4.99807900e+00	9.39462578e-05	3.62222900e-05
5.00324100e+00	8.84426049e-05	3.65607711e-05
5.00840300e+00	9.53909299e-05	3.66643406e-05
5.01356500e+00	8.91555599e-05	3.68485529e-05
5.01872600e+00	8.51155935e-05	3.72534498e-05
5.02388800e+00	6.09735672e-05	3.71185907e-05
5.02905000e+00	3.63789314e-05	3.72097251e-05
5.03421200e+00	8.34934819e-05	3.73882331e-05
5.03937300e+00	1.61962456e-04	3.76695871e-05
5.04453500e+00	5.62809785e-05	3.78253788e-05
5.04969700e+00	1.09849766e-04	3.75539948e-05
5.05485900e+00	9.99855105e-05	3.79953135e-05
5.06002000e+00	1.22844916e-04	3.84730287e-05
5.06518200e+00	1.26639715e-04	3.89749830e-05
5.07034400e+00	9.79975825e-05	3.94856285e-05
5.07550600e+00	7.36971731e-05	3.96895198e-05
5.08066700e+00	1.16398284e-04	4.01232075e-05
5.08582900e+00	1.36537961e-04	4.03935146e-05
5.09099100e+00	9.50250293e-05	4.09390169e-05
5.09615300e+00	1.33765395e-04	4.12174766e-05
5.10131500e+00	7.15281626e-05	4.15447174e-05
5.10647600e+00	8.22713285e-05	4.22518083e-05
5.11163800e+00	7.47835336e-05	4.26844779e-05
5.11680000e+00	1.66285367e-04	4.36043279e-05
5.12196200e+00	6.37913887e-05	4.37198277e-05
5.12712300e+00	6.84688753e-05	4.40715432e-05
5.13228500e+00	8.78503827e-05	4.46968302e-05
5.13744700e+00	5.20749895e-05	4.51061778e-05
5.14260900e+00	8.20751775e-05	4.62427749e-05
5.14777000e+00	1.08646392e-04	4.73807686e-05
5.15293200e+00	7.39687506e-05	4.79703994e-05
5.15809400e+00	9.08907482e-05	4.90383428e-05
5.16325600e+00	9.91895147e-05	4.97232559e-05
5.16841700e+00	3.81216833e-05	5.18913998e-05
5.17357900e+00	1.05142109e-04	5.44123446e-05
5.17874100e+00	7.32859662e-05	5.49271715e-05
5.18390300e+00	8.35387883e-05	5.61415172e-05
5.18906500e+00	1.06175616e-04	5.63688316e-05
5.19422600e+00	2.55799255e-04	6.04266009e-05
5.19938800e+00	9.18450849e-05	6.30696584e-05
5.20455000e+00	-3.41043070e-05	6.68522072e-05
5.20971200e+00	1.03761463e-04	9.57736574e-05
