Sample description: Sample c= 1.79 mg/ml
Sample: Sample c= 1.79   c= 1.79 mg/ml  Code: TipAS_NaP
Parent(s): TipAS_NaP_20deg_1-2_ave_sub.dat
  5.311318e-02   2.742219e-02   1.173170e-03
  5.827494e-02   3.030940e-02   7.820128e-04
  6.343670e-02   2.876918e-02   5.997357e-04
  6.859846e-02   2.846927e-02   4.875254e-04
  7.376022e-02   2.807925e-02   4.253580e-04
  7.892198e-02   2.854764e-02   3.747900e-04
  8.408374e-02   2.793869e-02   3.318559e-04
  8.924550e-02   2.780652e-02   2.901453e-04
  9.440726e-02   2.754683e-02   2.646123e-04
  9.956902e-02   2.746711e-02   2.453811e-04
  1.047308e-01   2.703652e-02   2.224630e-04
  1.098925e-01   2.719156e-02   2.049315e-04
  1.150543e-01   2.685440e-02   1.913273e-04
  1.202161e-01   2.657097e-02   1.793308e-04
  1.253778e-01   2.681682e-02   1.715446e-04
  1.305396e-01   2.642031e-02   1.614852e-04
  1.357013e-01   2.623374e-02   1.518762e-04
  1.408631e-01   2.624770e-02   1.468611e-04
  1.460249e-01   2.586808e-02   1.374492e-04
  1.511866e-01   2.580333e-02   1.348969e-04
  1.563484e-01   2.575565e-02   1.290772e-04
  1.615101e-01   2.548587e-02   1.235515e-04
  1.666719e-01   2.537589e-02   1.210738e-04
  1.718337e-01   2.501500e-02   1.170965e-04
  1.769954e-01   2.515886e-02   1.124779e-04
  1.821572e-01   2.488212e-02   1.098631e-04
  1.873190e-01   2.474316e-02   1.072023e-04
  1.924807e-01   2.444003e-02   1.042969e-04
  1.976425e-01   2.432847e-02   1.023605e-04
  2.028042e-01   2.411539e-02   1.002081e-04
  2.079660e-01   2.387433e-02   9.676137e-05
  2.131277e-01   2.368689e-02   9.588418e-05
  2.182895e-01   2.346241e-02   9.444465e-05
  2.234513e-01   2.310879e-02   9.187994e-05
  2.286130e-01   2.312223e-02   9.116157e-05
  2.337748e-01   2.285106e-02   8.930455e-05
  2.389365e-01   2.271361e-02   8.660903e-05
  2.440983e-01   2.259433e-02   8.595238e-05
  2.492601e-01   2.240818e-02   8.521982e-05
  2.544218e-01   2.216049e-02   8.284202e-05
  2.595836e-01   2.199099e-02   8.227454e-05
  2.647454e-01   2.184292e-02   8.088805e-05
  2.699071e-01   2.144616e-02   7.878557e-05
  2.750689e-01   2.156399e-02   7.919312e-05
  2.802306e-01   2.123358e-02   7.753328e-05
  2.853924e-01   2.111912e-02   7.583829e-05
  2.905541e-01   2.075749e-02   7.612115e-05
  2.957159e-01   2.063018e-02   7.712814e-05
  3.008777e-01   2.036822e-02   7.698620e-05
  3.060394e-01   2.032260e-02   7.751920e-05
  3.112012e-01   1.998990e-02   7.621530e-05
  3.163629e-01   1.984854e-02   7.569333e-05
  3.215247e-01   1.960517e-02   7.590263e-05
  3.266865e-01   1.949290e-02   7.532887e-05
  3.318482e-01   1.915784e-02   7.461262e-05
  3.370100e-01   1.905828e-02   7.399731e-05
  3.421718e-01   1.870403e-02   7.392203e-05
  3.473335e-01   1.872705e-02   7.381182e-05
  3.524953e-01   1.862564e-02   7.342149e-05
  3.576570e-01   1.824715e-02   7.074689e-05
  3.628188e-01   1.814111e-02   6.811497e-05
  3.679805e-01   1.795137e-02   6.833216e-05
  3.731423e-01   1.771306e-02   6.701431e-05
  3.783041e-01   1.759303e-02   6.525019e-05
  3.834658e-01   1.736846e-02   6.490352e-05
  3.886276e-01   1.724170e-02   6.421166e-05
  3.937894e-01   1.701462e-02   6.310473e-05
  3.989511e-01   1.687714e-02   6.299632e-05
  4.041129e-01   1.661182e-02   6.222470e-05
  4.092746e-01   1.651036e-02   6.055208e-05
  4.144364e-01   1.629107e-02   6.045107e-05
  4.195982e-01   1.617118e-02   6.015175e-05
  4.247599e-01   1.601660e-02   5.889457e-05
  4.299217e-01   1.581838e-02   5.879069e-05
  4.350834e-01   1.562717e-02   5.791478e-05
  4.402452e-01   1.545416e-02   5.691604e-05
  4.454069e-01   1.531911e-02   5.686596e-05
  4.505687e-01   1.520057e-02   5.671338e-05
  4.557305e-01   1.500540e-02   5.515087e-05
  4.608922e-01   1.487559e-02   5.537394e-05
  4.660540e-01   1.462619e-02   5.481075e-05
  4.712158e-01   1.454264e-02   5.542258e-05
  4.763775e-01   1.434641e-02   5.587667e-05
  4.815393e-01   1.421587e-02   5.584968e-05
  4.867010e-01   1.400038e-02   5.536519e-05
  4.918628e-01   1.390592e-02   5.582883e-05
  4.970246e-01   1.371372e-02   5.542419e-05
  5.021863e-01   1.356707e-02   5.528610e-05
  5.073481e-01   1.347543e-02   5.510299e-05
  5.125098e-01   1.326515e-02   5.495481e-05
  5.176716e-01   1.316103e-02   5.479480e-05
  5.228333e-01   1.289618e-02   5.466715e-05
  5.279951e-01   1.282164e-02   5.478220e-05
  5.331569e-01   1.273322e-02   5.348547e-05
  5.383186e-01   1.244534e-02   5.287473e-05
  5.434804e-01   1.246731e-02   5.221130e-05
  5.486422e-01   1.231069e-02   5.096524e-05
  5.538039e-01   1.217348e-02   5.063369e-05
  5.589657e-01   1.203782e-02   5.029437e-05
  5.641274e-01   1.185376e-02   4.919273e-05
  5.692892e-01   1.173530e-02   4.939861e-05
  5.744510e-01   1.161493e-02   4.925729e-05
  5.796127e-01   1.147134e-02   4.811736e-05
  5.847745e-01   1.136103e-02   4.787870e-05
  5.899363e-01   1.127113e-02   4.786103e-05
  5.950980e-01   1.116452e-02   4.695034e-05
  6.002598e-01   1.101703e-02   4.683018e-05
  6.054215e-01   1.088918e-02   4.664124e-05
  6.105833e-01   1.072117e-02   4.589842e-05
  6.157451e-01   1.056719e-02   4.588972e-05
  6.209068e-01   1.059685e-02   4.569375e-05
  6.260686e-01   1.035424e-02   4.473950e-05
  6.312303e-01   1.022303e-02   4.481479e-05
  6.363921e-01   1.019485e-02   4.489864e-05
  6.415538e-01   1.002212e-02   4.378229e-05
  6.467156e-01   9.949421e-03   4.402435e-05
  6.518773e-01   9.817273e-03   4.378531e-05
  6.570391e-01   9.721409e-03   4.318382e-05
  6.622009e-01   9.589903e-03   4.387297e-05
  6.673626e-01   9.447859e-03   4.427165e-05
  6.725244e-01   9.405461e-03   4.365342e-05
  6.776862e-01   9.288914e-03   4.397053e-05
  6.828479e-01   9.176702e-03   4.454322e-05
  6.880097e-01   8.994988e-03   4.321435e-05
  6.931714e-01   8.877993e-03   4.275681e-05
  6.983332e-01   8.866998e-03   4.249085e-05
  7.034950e-01   8.769536e-03   4.150611e-05
  7.086567e-01   8.589131e-03   4.188273e-05
  7.138185e-01   8.551909e-03   4.148917e-05
  7.189803e-01   8.465506e-03   4.066112e-05
  7.241420e-01   8.339442e-03   4.075792e-05
  7.293038e-01   8.253641e-03   4.054317e-05
  7.344655e-01   8.216515e-03   3.974238e-05
  7.396273e-01   8.106373e-03   3.968563e-05
  7.447891e-01   7.942658e-03   3.952644e-05
  7.499508e-01   7.920778e-03   3.902200e-05
  7.551126e-01   7.799678e-03   3.917265e-05
  7.602744e-01   7.732027e-03   3.901959e-05
  7.654361e-01   7.598324e-03   3.836823e-05
  7.705979e-01   7.509424e-03   3.858668e-05
  7.757596e-01   7.413020e-03   3.848767e-05
  7.809214e-01   7.339804e-03   3.800171e-05
  7.860831e-01   7.350811e-03   3.799595e-05
  7.912449e-01   7.198120e-03   3.769769e-05
  7.964066e-01   7.064978e-03   3.722948e-05
  8.015684e-01   7.047720e-03   3.744884e-05
  8.067302e-01   6.968439e-03   3.718999e-05
  8.118919e-01   6.909628e-03   3.664392e-05
  8.170537e-01   6.777736e-03   3.670355e-05
  8.222154e-01   6.702875e-03   3.628278e-05
  8.273772e-01   6.621535e-03   3.607132e-05
  8.325390e-01   6.606049e-03   3.601869e-05
  8.377007e-01   6.518576e-03   3.599653e-05
  8.428625e-01   6.407124e-03   3.548138e-05
  8.480242e-01   6.455986e-03   3.543805e-05
  8.531860e-01   6.302354e-03   3.547640e-05
  8.583478e-01   6.163768e-03   3.506128e-05
  8.635095e-01   6.130957e-03   3.508082e-05
  8.686713e-01   6.070587e-03   3.494643e-05
  8.738331e-01   6.018905e-03   3.457056e-05
  8.789948e-01   5.878217e-03   3.458519e-05
  8.841566e-01   5.849016e-03   3.459936e-05
  8.893183e-01   5.685605e-03   3.420521e-05
  8.944801e-01   5.736408e-03   3.408793e-05
  8.996419e-01   5.653807e-03   3.404417e-05
  9.048036e-01   5.531838e-03   3.363349e-05
  9.099654e-01   5.564662e-03   3.380302e-05
  9.151272e-01   5.474467e-03   3.357191e-05
  9.202889e-01   5.357985e-03   3.316193e-05
  9.254507e-01   5.375220e-03   3.341073e-05
  9.306124e-01   5.266669e-03   3.311694e-05
  9.357742e-01   5.188477e-03   3.288749e-05
  9.409359e-01   5.168512e-03   3.276581e-05
  9.460977e-01   5.086611e-03   3.276092e-05
  9.512594e-01   5.068067e-03   3.253245e-05
  9.564212e-01   4.916843e-03   3.245641e-05
  9.615830e-01   4.906813e-03   3.237529e-05
  9.667447e-01   4.820407e-03   3.191144e-05
  9.719065e-01   4.792232e-03   3.200004e-05
  9.770682e-01   4.699177e-03   3.190807e-05
  9.822300e-01   4.656359e-03   3.187988e-05
  9.873918e-01   4.606301e-03   3.238105e-05
  9.925535e-01   4.594944e-03   3.237221e-05
  9.977153e-01   4.466016e-03   3.239572e-05
  1.002877e+00   4.457368e-03   3.257631e-05
  1.008039e+00   4.424274e-03   3.269613e-05
  1.013201e+00   4.426242e-03   3.268262e-05
  1.018362e+00   4.279820e-03   3.281109e-05
  1.023524e+00   4.288639e-03   3.300488e-05
  1.028686e+00   4.178573e-03   3.255579e-05
  1.033848e+00   4.131299e-03   3.268740e-05
  1.039009e+00   4.105922e-03   3.266432e-05
  1.044171e+00   4.085930e-03   3.240284e-05
  1.049333e+00   4.016350e-03   3.245247e-05
  1.054495e+00   4.029361e-03   3.265044e-05
  1.059656e+00   3.939162e-03   3.241318e-05
  1.064818e+00   3.888933e-03   3.241088e-05
  1.069980e+00   3.801541e-03   3.255837e-05
  1.075142e+00   3.752325e-03   3.214380e-05
  1.080303e+00   3.730342e-03   3.231504e-05
  1.085465e+00   3.687157e-03   3.244446e-05
  1.090627e+00   3.652114e-03   3.204530e-05
  1.095789e+00   3.639439e-03   3.218704e-05
  1.100950e+00   3.591756e-03   3.234829e-05
  1.106112e+00   3.532494e-03   3.190348e-05
  1.111274e+00   3.494186e-03   3.252297e-05
  1.116436e+00   3.381089e-03   3.284815e-05
  1.121598e+00   3.464191e-03   3.297696e-05
  1.126759e+00   3.372414e-03   3.320244e-05
  1.131921e+00   3.333093e-03   3.347254e-05
  1.137083e+00   3.289796e-03   3.331706e-05
  1.142245e+00   3.264500e-03   3.321282e-05
  1.147406e+00   3.216692e-03   3.347885e-05
  1.152568e+00   3.206295e-03   3.345040e-05
  1.157730e+00   3.160532e-03   3.353128e-05
  1.162892e+00   3.033549e-03   3.334293e-05
  1.168053e+00   3.004321e-03   3.322845e-05
  1.173215e+00   3.023121e-03   3.337058e-05
  1.178377e+00   3.009630e-03   3.277361e-05
  1.183539e+00   2.965978e-03   3.224253e-05
  1.188700e+00   2.901698e-03   3.269193e-05
  1.193862e+00   2.835777e-03   3.259980e-05
  1.199024e+00   2.825806e-03   3.228826e-05
  1.204186e+00   2.837458e-03   3.280934e-05
  1.209347e+00   2.785091e-03   3.262663e-05
  1.214509e+00   2.759696e-03   3.238975e-05
  1.219671e+00   2.710095e-03   3.260364e-05
  1.224833e+00   2.714040e-03   3.248064e-05
  1.229995e+00   2.613820e-03   3.211577e-05
  1.235156e+00   2.646604e-03   3.268959e-05
  1.240318e+00   2.598594e-03   3.237966e-05
  1.245480e+00   2.624841e-03   3.227179e-05
  1.250642e+00   2.503235e-03   3.235573e-05
  1.255803e+00   2.462210e-03   3.228382e-05
  1.260965e+00   2.459906e-03   3.217425e-05
  1.266127e+00   2.368706e-03   3.241730e-05
  1.271289e+00   2.445742e-03   3.216933e-05
  1.276450e+00   2.410354e-03   3.196387e-05
  1.281612e+00   2.327485e-03   3.214173e-05
  1.286774e+00   2.245992e-03   3.196272e-05
  1.291936e+00   2.335672e-03   3.263855e-05
  1.297097e+00   2.275736e-03   3.289324e-05
  1.302259e+00   2.279699e-03   3.280434e-05
  1.307421e+00   2.199597e-03   3.312492e-05
  1.312583e+00   2.112316e-03   3.330885e-05
  1.317744e+00   2.137433e-03   3.324618e-05
  1.322906e+00   2.089365e-03   3.335858e-05
  1.328068e+00   2.141306e-03   3.388124e-05
  1.333230e+00   2.132944e-03   3.359961e-05
  1.338391e+00   2.042979e-03   3.406631e-05
  1.343553e+00   2.022578e-03   3.398483e-05
  1.348715e+00   2.012239e-03   3.393837e-05
  1.353877e+00   1.947614e-03   3.400457e-05
  1.359038e+00   1.949802e-03   3.352218e-05
  1.364200e+00   1.964360e-03   3.326225e-05
  1.369362e+00   1.936979e-03   3.283099e-05
  1.374524e+00   1.908526e-03   3.300607e-05
  1.379686e+00   1.826720e-03   3.291992e-05
  1.384847e+00   1.835024e-03   3.259472e-05
  1.390009e+00   1.824344e-03   3.275076e-05
  1.395171e+00   1.823012e-03   3.230911e-05
  1.400333e+00   1.767184e-03   3.241894e-05
  1.405494e+00   1.777903e-03   3.237516e-05
  1.410656e+00   1.776626e-03   3.225574e-05
  1.415818e+00   1.786732e-03   3.197298e-05
  1.420980e+00   1.758983e-03   3.231542e-05
  1.426141e+00   1.731222e-03   3.210298e-05
  1.431303e+00   1.598913e-03   3.189918e-05
  1.436465e+00   1.616771e-03   3.202214e-05
  1.441627e+00   1.614780e-03   3.183371e-05
  1.446788e+00   1.591143e-03   3.169605e-05
  1.451950e+00   1.613372e-03   3.188756e-05
  1.457112e+00   1.571859e-03   3.153692e-05
  1.462274e+00   1.543219e-03   3.143629e-05
  1.467435e+00   1.511040e-03   3.155149e-05
  1.472597e+00   1.523330e-03   3.164571e-05
  1.477759e+00   1.523724e-03   3.124305e-05
  1.482921e+00   1.497576e-03   3.141546e-05
  1.488083e+00   1.478346e-03   3.126205e-05
  1.493244e+00   1.457920e-03   3.117760e-05
  1.498406e+00   1.381381e-03   3.138259e-05
  1.503568e+00   1.396168e-03   3.110959e-05
  1.508730e+00   1.410690e-03   3.102855e-05
  1.513891e+00   1.289873e-03   3.120443e-05
  1.519053e+00   1.315711e-03   3.114765e-05
  1.524215e+00   1.274297e-03   3.104399e-05
  1.529377e+00   1.304435e-03   3.105576e-05
  1.534538e+00   1.269804e-03   3.100354e-05
  1.539700e+00   1.259130e-03   3.077579e-05
  1.544862e+00   1.259730e-03   3.107092e-05
  1.550024e+00   1.261747e-03   3.083051e-05
  1.555185e+00   1.248068e-03   3.074530e-05
  1.560347e+00   1.253677e-03   3.100608e-05
  1.565509e+00   1.172050e-03   3.083178e-05
  1.570671e+00   1.167979e-03   3.046010e-05
  1.575832e+00   1.097095e-03   3.076567e-05
  1.580994e+00   1.156528e-03   3.064230e-05
  1.586156e+00   1.106649e-03   3.049611e-05
  1.591318e+00   1.121162e-03   3.062991e-05
  1.596480e+00   1.139607e-03   3.049688e-05
  1.601641e+00   1.030286e-03   3.030527e-05
  1.606803e+00   1.125256e-03   3.054989e-05
  1.611965e+00   1.047637e-03   3.036572e-05
  1.617127e+00   1.027354e-03   3.027036e-05
  1.622288e+00   1.011370e-03   3.037462e-05
  1.627450e+00   1.058832e-03   3.030260e-05
  1.632612e+00   1.024475e-03   3.008205e-05
  1.637774e+00   9.765822e-04   3.036677e-05
  1.642935e+00   1.002793e-03   3.013882e-05
  1.648097e+00   9.611010e-04   3.007414e-05
  1.653259e+00   9.772683e-04   3.019635e-05
  1.658421e+00   9.978072e-04   3.017257e-05
  1.663582e+00   9.637414e-04   2.992031e-05
  1.668744e+00   9.925706e-04   3.015070e-05
  1.673906e+00   8.804022e-04   3.000506e-05
  1.679068e+00   9.316667e-04   2.977784e-05
  1.684229e+00   9.787747e-04   3.001823e-05
  1.689391e+00   8.694265e-04   2.989862e-05
  1.694553e+00   8.921980e-04   2.976008e-05
  1.699715e+00   8.580648e-04   3.017788e-05
  1.704876e+00   8.818636e-04   2.963005e-05
  1.710038e+00   8.632212e-04   2.970594e-05
  1.715200e+00   8.692828e-04   2.974031e-05
  1.720362e+00   8.335670e-04   2.964749e-05
  1.725523e+00   7.552847e-04   2.948884e-05
  1.730685e+00   8.574420e-04   2.966104e-05
  1.735847e+00   8.278504e-04   2.951850e-05
  1.741009e+00   8.213088e-04   2.939274e-05
  1.746171e+00   7.736717e-04   2.980787e-05
  1.751332e+00   7.565222e-04   2.943538e-05
  1.756494e+00   7.519580e-04   2.924918e-05
  1.761656e+00   7.739496e-04   2.946655e-05
  1.766818e+00   8.127496e-04   2.923857e-05
  1.771979e+00   7.823249e-04   2.915497e-05
  1.777141e+00   7.564684e-04   2.927385e-05
  1.782303e+00   7.125075e-04   2.917683e-05
  1.787465e+00   7.053652e-04   2.895291e-05
  1.792626e+00   7.168296e-04   2.924426e-05
  1.797788e+00   7.567060e-04   2.893876e-05
  1.802950e+00   6.397086e-04   2.868136e-05
  1.808112e+00   6.948783e-04   2.898958e-05
  1.813273e+00   6.800289e-04   2.885846e-05
  1.818435e+00   6.358259e-04   2.869661e-05
  1.823597e+00   6.563155e-04   2.890732e-05
  1.828759e+00   6.789349e-04   2.878891e-05
  1.833920e+00   6.587142e-04   2.874525e-05
  1.839082e+00   6.020515e-04   2.879187e-05
  1.844244e+00   5.889955e-04   2.871276e-05
  1.849406e+00   6.058580e-04   2.844586e-05
  1.854568e+00   5.786699e-04   2.878646e-05
  1.859729e+00   6.204249e-04   2.872019e-05
  1.864891e+00   5.774056e-04   2.842260e-05
  1.870053e+00   5.904974e-04   2.874602e-05
  1.875215e+00   5.992000e-04   2.856822e-05
  1.880376e+00   5.813915e-04   2.850749e-05
  1.885538e+00   5.872335e-04   2.870786e-05
  1.890700e+00   5.086687e-04   2.847245e-05
  1.895862e+00   5.853459e-04   2.834610e-05
  1.901023e+00   5.815170e-04   2.855782e-05
  1.906185e+00   5.287773e-04   2.843795e-05
  1.911347e+00   5.097761e-04   2.828359e-05
  1.916509e+00   4.894210e-04   2.850504e-05
  1.921670e+00   4.782436e-04   2.827518e-05
  1.926832e+00   5.058351e-04   2.841727e-05
  1.931994e+00   4.984194e-04   2.841717e-05
  1.937156e+00   5.324404e-04   2.818715e-05
  1.942317e+00   5.058845e-04   2.816532e-05
  1.947479e+00   4.999035e-04   2.834652e-05
  1.952641e+00   4.981683e-04   2.821761e-05
  1.957803e+00   5.212809e-04   2.813189e-05
  1.962964e+00   4.880490e-04   2.826620e-05
  1.968126e+00   4.930796e-04   2.817701e-05
  1.973288e+00   5.142597e-04   2.812104e-05
  1.978450e+00   4.715990e-04   2.827608e-05
  1.983611e+00   4.872555e-04   2.813629e-05
  1.988773e+00   4.622150e-04   2.795989e-05
  1.993935e+00   4.698953e-04   2.812125e-05
  1.999097e+00   4.306779e-04   2.796024e-05
  2.004259e+00   4.773559e-04   2.796378e-05
  2.009420e+00   4.489886e-04   2.814314e-05
  2.014582e+00   4.519836e-04   2.804011e-05
  2.019744e+00   4.214374e-04   2.792661e-05
  2.024906e+00   4.418598e-04   2.797030e-05
  2.030067e+00   4.625378e-04   2.794271e-05
  2.035229e+00   4.017816e-04   2.773738e-05
  2.040391e+00   4.337940e-04   2.798854e-05
  2.045553e+00   3.601163e-04   2.780953e-05
  2.050714e+00   3.935768e-04   2.779597e-05
  2.055876e+00   4.042252e-04   2.794989e-05
  2.061038e+00   4.528221e-04   2.777618e-05
  2.066200e+00   4.035840e-04   2.779745e-05
  2.071362e+00   3.702311e-04   2.784135e-05
  2.076523e+00   3.739659e-04   2.768769e-05
  2.081685e+00   4.306241e-04   2.764333e-05
  2.086847e+00   3.870219e-04   2.778493e-05
  2.092008e+00   3.872909e-04   2.770638e-05
  2.097170e+00   3.676620e-04   2.759156e-05
  2.102332e+00   3.297404e-04   2.771105e-05
  2.107494e+00   3.720738e-04   2.769291e-05
  2.112655e+00   3.555610e-04   2.831576e-05
  2.117817e+00   3.415187e-04   2.860538e-05
  2.122979e+00   3.933391e-04   2.861850e-05
  2.128141e+00   3.609368e-04   2.888559e-05
  2.133302e+00   3.367482e-04   2.910730e-05
  2.138464e+00   4.064938e-04   2.914597e-05
  2.143626e+00   3.919583e-04   2.950236e-05
  2.148788e+00   3.498849e-04   2.957252e-05
  2.153949e+00   3.537407e-04   2.960073e-05
  2.159111e+00   3.921017e-04   2.981094e-05
  2.164273e+00   3.227820e-04   2.990929e-05
  2.169435e+00   3.188724e-04   2.982171e-05
  2.174597e+00   3.104075e-04   2.973298e-05
  2.179758e+00   2.446164e-04   2.941542e-05
  2.184920e+00   2.976384e-04   2.900996e-05
  2.190082e+00   3.214773e-04   2.880293e-05
  2.195244e+00   3.470289e-04   2.898830e-05
  2.200405e+00   3.440384e-04   2.879072e-05
  2.205567e+00   2.953519e-04   2.846588e-05
  2.210729e+00   2.829190e-04   2.852711e-05
  2.215891e+00   3.115149e-04   2.835447e-05
  2.221052e+00   2.792112e-04   2.815060e-05
  2.226214e+00   2.913078e-04   2.832660e-05
  2.231376e+00   3.203071e-04   2.811288e-05
  2.236538e+00   2.836184e-04   2.818436e-05
  2.241699e+00   3.085065e-04   2.822663e-05
  2.246861e+00   2.689574e-04   2.806314e-05
  2.252023e+00   2.978223e-04   2.785747e-05
  2.257185e+00   3.007276e-04   2.807290e-05
  2.262347e+00   2.922223e-04   2.783573e-05
  2.267508e+00   3.231631e-04   2.783130e-05
  2.272670e+00   2.892094e-04   2.801184e-05
  2.277832e+00   2.772833e-04   2.778345e-05
  2.282994e+00   2.956119e-04   2.783413e-05
  2.288155e+00   3.174511e-04   2.806292e-05
  2.293317e+00   2.332103e-04   2.771844e-05
  2.298479e+00   3.172628e-04   2.780456e-05
  2.303641e+00   2.382722e-04   2.785791e-05
  2.308802e+00   2.573182e-04   2.763129e-05
  2.313964e+00   2.429619e-04   2.759156e-05
  2.319126e+00   2.377297e-04   2.777540e-05
  2.324288e+00   2.370750e-04   2.746674e-05
  2.329449e+00   2.218625e-04   2.766725e-05
  2.334611e+00   2.111289e-04   2.771058e-05
  2.339773e+00   2.609005e-04   2.752279e-05
  2.344935e+00   2.609409e-04   2.748963e-05
  2.350096e+00   2.356089e-04   2.757584e-05
  2.355258e+00   2.491985e-04   2.732531e-05
  2.360420e+00   2.331565e-04   2.744276e-05
  2.365582e+00   2.664197e-04   2.752367e-05
  2.370744e+00   2.782113e-04   2.743345e-05
  2.375905e+00   1.809279e-04   2.734196e-05
  2.381067e+00   2.675227e-04   2.760846e-05
  2.386229e+00   2.403391e-04   2.721946e-05
  2.391391e+00   2.645007e-04   2.734554e-05
  2.396552e+00   2.485798e-04   2.744326e-05
  2.401714e+00   2.621469e-04   2.722323e-05
  2.406876e+00   2.360797e-04   2.726696e-05
  2.412038e+00   2.495213e-04   2.732223e-05
  2.417199e+00   2.619317e-04   2.712762e-05
  2.422361e+00   1.795918e-04   2.726936e-05
  2.427523e+00   2.574930e-04   2.732154e-05
  2.432685e+00   1.929483e-04   2.709353e-05
  2.437846e+00   2.489519e-04   2.697862e-05
  2.443008e+00   2.225485e-04   2.710197e-05
  2.448170e+00   2.344836e-04   2.685298e-05
  2.453332e+00   2.523952e-04   2.702143e-05
  2.458493e+00   2.229250e-04   2.693734e-05
  2.463655e+00   2.073359e-04   2.677702e-05
  2.468817e+00   2.300225e-04   2.680338e-05
  2.473979e+00   2.217190e-04   2.687987e-05
  2.479141e+00   2.271261e-04   2.663456e-05
  2.484302e+00   1.551208e-04   2.679100e-05
  2.489464e+00   2.417379e-04   2.673273e-05
  2.494626e+00   2.332775e-04   2.658833e-05
  2.499788e+00   2.481225e-04   2.674568e-05
  2.504949e+00   2.096942e-04   2.675377e-05
  2.510111e+00   2.257093e-04   2.659887e-05
  2.515273e+00   2.397248e-04   2.666935e-05
  2.520435e+00   1.870210e-04   2.676227e-05
  2.525596e+00   2.161012e-04   2.654635e-05
  2.530758e+00   2.237814e-04   2.661017e-05
  2.535920e+00   2.014535e-04   2.667449e-05
  2.541082e+00   2.271261e-04   2.649303e-05
  2.546243e+00   2.397472e-04   2.662934e-05
  2.551405e+00   1.631867e-04   2.653295e-05
  2.556567e+00   1.609763e-04   2.650909e-05
  2.561729e+00   2.441187e-04   2.661171e-05
  2.566890e+00   2.268930e-04   2.662065e-05
  2.572052e+00   1.803002e-04   2.669249e-05
  2.577214e+00   2.238128e-04   2.719860e-05
  2.582376e+00   2.003461e-04   2.752607e-05
  2.587538e+00   2.722348e-04   2.771837e-05
  2.592699e+00   2.183743e-04   2.777198e-05
  2.597861e+00   2.027492e-04   2.787561e-05
  2.603023e+00   1.768793e-04   2.720559e-05
  2.608185e+00   2.440559e-04   2.722583e-05
  2.613346e+00   2.256107e-04   2.720053e-05
  2.618508e+00   2.433295e-04   2.691991e-05
  2.623670e+00   2.340442e-04   2.695415e-05
  2.628832e+00   1.627159e-04   2.689768e-05
  2.633993e+00   2.106447e-04   2.670630e-05
  2.639155e+00   1.454050e-04   2.682674e-05
  2.644317e+00   2.103219e-04   2.683104e-05
  2.649479e+00   1.977053e-04   2.680661e-05
  2.654640e+00   2.129940e-04   2.686239e-05
  2.659802e+00   1.747765e-04   2.686057e-05
  2.664964e+00   1.836494e-04   2.669758e-05
  2.670126e+00   1.773412e-04   2.678157e-05
  2.675287e+00   2.664242e-04   2.679694e-05
  2.680449e+00   2.256556e-04   2.659908e-05
  2.685611e+00   1.620434e-04   2.672533e-05
  2.690773e+00   1.941409e-04   2.662190e-05
  2.695935e+00   2.238038e-04   2.661271e-05
  2.701096e+00   1.499468e-04   2.671546e-05
  2.706258e+00   1.666255e-04   2.666534e-05
  2.711420e+00   1.786548e-04   2.656776e-05
  2.716581e+00   1.750859e-04   2.658290e-05
  2.721743e+00   2.108779e-04   2.658544e-05
  2.726905e+00   1.840888e-04   2.647115e-05
  2.732067e+00   1.774936e-04   2.665291e-05
  2.737228e+00   1.896260e-04   2.652591e-05
  2.742390e+00   1.932621e-04   2.647425e-05
  2.747552e+00   1.627114e-04   2.653979e-05
  2.752714e+00   1.973332e-04   2.652027e-05
  2.757875e+00   1.755029e-04   2.643172e-05
  2.763037e+00   1.604338e-04   2.640208e-05
  2.768199e+00   1.927196e-04   2.641674e-05
  2.773361e+00   1.744224e-04   2.625301e-05
  2.778522e+00   1.854384e-04   2.642000e-05
  2.783684e+00   1.768793e-04   2.635562e-05
  2.788846e+00   1.539372e-04   2.625012e-05
  2.794008e+00   1.933204e-04   2.639382e-05
  2.799170e+00   1.845371e-04   2.638967e-05
  2.804331e+00   1.787983e-04   2.612848e-05
  2.809493e+00   2.236873e-04   2.632009e-05
  2.814655e+00   1.620523e-04   2.615486e-05
  2.819817e+00   1.785561e-04   2.604621e-05
  2.824978e+00   1.659485e-04   2.620416e-05
  2.830140e+00   1.587210e-04   2.611694e-05
  2.835302e+00   1.689255e-04   2.607393e-05
  2.840464e+00   1.773098e-04   2.622009e-05
  2.845625e+00   1.812463e-04   2.627277e-05
  2.850787e+00   1.584610e-04   2.607021e-05
  2.855949e+00   1.640430e-04   2.619319e-05
  2.861111e+00   1.923923e-04   2.610473e-05
  2.866272e+00   1.821251e-04   2.602726e-05
  2.871434e+00   1.770228e-04   2.623924e-05
  2.876596e+00   1.628414e-04   2.603050e-05
  2.881758e+00   1.651729e-04   2.605406e-05
  2.886919e+00   1.433471e-04   2.602781e-05
  2.892081e+00   1.845103e-04   2.607917e-05
  2.897243e+00   1.666300e-04   2.580345e-05
  2.902405e+00   1.952573e-04   2.597051e-05
  2.907567e+00   2.037446e-04   2.594198e-05
  2.912728e+00   9.800074e-05   2.580738e-05
  2.917890e+00   1.820398e-04   2.607133e-05
  2.923052e+00   2.039643e-04   2.592547e-05
  2.928214e+00   2.299866e-04   2.616505e-05
  2.933375e+00   1.331784e-04   2.664649e-05
  2.938537e+00   1.995794e-04   2.689871e-05
  2.943699e+00   1.170827e-04   2.703594e-05
  2.948861e+00   1.598554e-04   2.733334e-05
  2.954022e+00   1.773814e-04   2.737264e-05
  2.959184e+00   1.892179e-04   2.764455e-05
  2.964346e+00   1.505521e-04   2.783816e-05
  2.969508e+00   2.000995e-04   2.766245e-05
  2.974669e+00   1.492070e-04   2.799118e-05
  2.979831e+00   1.538610e-04   2.824861e-05
  2.984993e+00   1.400024e-04   2.815612e-05
  2.990155e+00   1.837077e-04   2.823246e-05
  2.995317e+00   1.082680e-04   2.809102e-05
  3.000478e+00   1.705217e-04   2.759482e-05
  3.005640e+00   1.532512e-04   2.722404e-05
  3.010802e+00   1.252113e-04   2.735983e-05
  3.015964e+00   1.883840e-04   2.695318e-05
  3.021125e+00   1.603979e-04   2.689160e-05
  3.026287e+00   1.854832e-04   2.703769e-05
  3.031449e+00   1.884647e-04   2.681004e-05
  3.036611e+00   1.392223e-04   2.661800e-05
  3.041772e+00   1.550267e-04   2.675239e-05
  3.046934e+00   1.555916e-04   2.667503e-05
  3.052096e+00   1.669528e-04   2.659310e-05
  3.057258e+00   1.329857e-04   2.663877e-05
  3.062419e+00   1.827483e-04   2.656003e-05
  3.067581e+00   1.820175e-04   2.650297e-05
  3.072743e+00   1.454050e-04   2.673815e-05
  3.077905e+00   2.130569e-04   2.651161e-05
  3.083066e+00   1.707055e-04   2.640916e-05
  3.088228e+00   1.706741e-04   2.661024e-05
  3.093390e+00   2.036414e-04   2.644913e-05
  3.098552e+00   1.163025e-04   2.640576e-05
  3.103714e+00   1.700151e-04   2.651257e-05
  3.108875e+00   1.740054e-04   2.628525e-05
  3.114037e+00   1.498437e-04   2.637090e-05
  3.119199e+00   1.636978e-04   2.651683e-05
  3.124361e+00   1.572057e-04   2.627973e-05
  3.129522e+00   1.614336e-04   2.626963e-05
  3.134684e+00   1.623751e-04   2.641272e-05
  3.139846e+00   1.713422e-04   2.609316e-05
  3.145008e+00   1.824434e-04   2.619660e-05
  3.150169e+00   1.759243e-04   2.614901e-05
  3.155331e+00   1.300893e-04   2.603078e-05
  3.160493e+00   1.881150e-04   2.603048e-05
  3.165655e+00   2.209523e-04   2.619777e-05
  3.170816e+00   1.261259e-04   2.591639e-05
  3.175978e+00   2.025071e-04   2.602190e-05
  3.181140e+00   1.282959e-04   2.599132e-05
  3.186302e+00   1.282825e-04   2.587160e-05
  3.191463e+00   1.152130e-04   2.594692e-05
  3.196625e+00   1.227991e-04   2.597565e-05
  3.201787e+00   1.919888e-04   2.589212e-05
  3.206949e+00   1.043315e-04   2.600511e-05
  3.212111e+00   1.385811e-04   2.604358e-05
  3.217272e+00   1.514578e-04   2.590334e-05
  3.222434e+00   2.035787e-04   2.602296e-05
  3.227596e+00   1.609225e-04   2.605953e-05
  3.232758e+00   1.678181e-04   2.588444e-05
  3.237919e+00   1.811073e-04   2.603161e-05
  3.243081e+00   9.182697e-05   2.596078e-05
  3.248243e+00   1.629894e-04   2.597185e-05
  3.253405e+00   1.208264e-04   2.604426e-05
  3.258566e+00   1.651056e-04   2.616545e-05
  3.263728e+00   9.926516e-05   2.585847e-05
  3.268890e+00   1.626217e-04   2.608436e-05
  3.274052e+00   9.585762e-05   2.603620e-05
  3.279213e+00   1.350705e-04   2.595266e-05
  3.284375e+00   1.089540e-04   2.601536e-05
  3.289537e+00   7.304999e-05   2.602089e-05
  3.294699e+00   1.304301e-04   2.589203e-05
  3.299860e+00   1.501262e-04   2.613710e-05
  3.305022e+00   1.547621e-04   2.610411e-05
  3.310184e+00   1.320217e-04   2.593194e-05
  3.315346e+00   1.743910e-04   2.611239e-05
  3.320507e+00   1.509018e-04   2.593414e-05
  3.325669e+00   1.333085e-04   2.605556e-05
  3.330831e+00   1.028430e-04   2.596187e-05
  3.335993e+00   1.317886e-04   2.600130e-05
  3.341154e+00   2.072821e-04   2.584071e-05
  3.346316e+00   1.567035e-04   2.603465e-05
  3.351478e+00   1.474764e-04   2.587951e-05
  3.356640e+00   1.414012e-04   2.592521e-05
  3.361801e+00   1.489694e-04   2.606401e-05
  3.366963e+00   1.338151e-04   2.588347e-05
  3.372125e+00   1.403925e-04   2.586097e-05
  3.377287e+00   1.296410e-04   2.598364e-05
  3.382448e+00   1.645721e-04   2.597084e-05
  3.387610e+00   1.522469e-04   2.595946e-05
  3.392772e+00   1.540402e-04   2.605926e-05
  3.397934e+00   1.666435e-04   2.596744e-05
  3.403095e+00   1.258210e-04   2.593888e-05
  3.408257e+00   1.432305e-04   2.623730e-05
  3.413419e+00   6.436989e-05   2.590447e-05
  3.418581e+00   1.528566e-04   2.590436e-05
  3.423743e+00   1.702616e-04   2.609065e-05
  3.428904e+00   1.497361e-04   2.594864e-05
  3.434066e+00   1.875322e-04   2.590032e-05
  3.439228e+00   1.720865e-04   2.617636e-05
  3.444390e+00   1.644420e-04   2.596000e-05
  3.449551e+00   1.531167e-04   2.593151e-05
  3.454713e+00   9.612214e-05   2.612290e-05
  3.459875e+00   1.497809e-04   2.600876e-05
  3.465037e+00   1.279507e-04   2.583806e-05
  3.470198e+00   1.459296e-04   2.610394e-05
  3.475360e+00   1.051475e-04   2.595065e-05
  3.480522e+00   1.817753e-04   2.594789e-05
  3.485684e+00   1.619357e-04   2.609211e-05
  3.490845e+00   1.252202e-04   2.589082e-05
  3.496007e+00   1.605279e-04   2.589814e-05
  3.501169e+00   1.746376e-04   2.618850e-05
  3.506331e+00   9.608185e-05   2.602363e-05
  3.511492e+00   1.131640e-04   2.584619e-05
  3.516654e+00   1.646394e-04   2.617083e-05
  3.521816e+00   1.054613e-04   2.594809e-05
  3.526978e+00   1.387201e-04   2.595908e-05
  3.532140e+00   1.418451e-04   2.612588e-05
  3.537301e+00   1.600527e-04   2.604779e-05
  3.542463e+00   1.065823e-04   2.594358e-05
  3.547625e+00   1.527894e-04   2.617600e-05
  3.552787e+00   1.754312e-04   2.603005e-05
  3.557948e+00   1.534619e-04   2.593719e-05
  3.563110e+00   1.774757e-04   2.619420e-05
  3.568272e+00   1.120701e-04   2.601599e-05
  3.573434e+00   1.777985e-04   2.584685e-05
  3.578595e+00   1.607700e-04   2.615982e-05
  3.583757e+00   1.594788e-04   2.594997e-05
  3.588919e+00   1.956877e-04   2.602975e-05
  3.594081e+00   1.550939e-04   2.607576e-05
  3.599242e+00   1.374916e-04   2.601143e-05
  3.604404e+00   1.210999e-04   2.587360e-05
  3.609566e+00   1.789463e-04   2.624777e-05
  3.614728e+00   1.376844e-04   2.590051e-05
  3.619889e+00   1.245925e-04   2.605660e-05
  3.625051e+00   1.353216e-04   2.606210e-05
  3.630213e+00   1.654329e-04   2.600887e-05
  3.635375e+00   1.629132e-04   2.606625e-05
  3.640537e+00   1.762202e-04   2.624479e-05
  3.645698e+00   1.502562e-04   2.596247e-05
  3.650860e+00   1.599496e-04   2.608235e-05
  3.656022e+00   1.217276e-04   2.614482e-05
  3.661184e+00   1.059635e-04   2.591020e-05
  3.666345e+00   1.237048e-04   2.610453e-05
  3.671507e+00   1.784082e-04   2.612971e-05
  3.676669e+00   1.291971e-04   2.599327e-05
  3.681831e+00   1.405180e-04   2.605398e-05
  3.686992e+00   1.083487e-04   2.610506e-05
  3.692154e+00   1.115858e-04   2.595927e-05
  3.697316e+00   1.750859e-04   2.608033e-05
  3.702478e+00   1.039862e-04   2.613579e-05
  3.707639e+00   1.484583e-04   2.605516e-05
  3.712801e+00   1.445531e-04   2.608212e-05
  3.717963e+00   1.562237e-04   2.611182e-05
  3.723125e+00   1.355951e-04   2.583477e-05
  3.728287e+00   8.310205e-05   2.614754e-05
  3.733448e+00   1.400651e-04   2.613303e-05
  3.738610e+00   1.412264e-04   2.601734e-05
  3.743772e+00   1.446025e-04   2.614797e-05
  3.748934e+00   1.199880e-04   2.655404e-05
  3.754095e+00   1.428539e-04   2.692331e-05
  3.759257e+00   1.573492e-04   2.741894e-05
  3.764419e+00   1.261304e-04   2.732948e-05
  3.769581e+00   1.275876e-04   2.774287e-05
  3.774742e+00   1.377337e-04   2.779017e-05
  3.779904e+00   1.051878e-04   2.778113e-05
  3.785066e+00   1.502114e-04   2.797359e-05
  3.790228e+00   1.331112e-04   2.820730e-05
  3.795389e+00   1.127202e-04   2.795132e-05
  3.800551e+00   1.367698e-04   2.816481e-05
  3.805713e+00   1.116217e-04   2.810995e-05
  3.810875e+00   1.288788e-04   2.815609e-05
  3.816036e+00   1.540402e-04   2.740206e-05
  3.821198e+00   1.009913e-04   2.735486e-05
  3.826360e+00   8.782321e-05   2.701216e-05
  3.831522e+00   1.209833e-04   2.680382e-05
  3.836684e+00   1.479875e-04   2.713340e-05
  3.841845e+00   1.626486e-04   2.688441e-05
  3.847007e+00   1.301835e-04   2.681573e-05
  3.852169e+00   1.348688e-04   2.695634e-05
  3.857331e+00   1.455082e-04   2.681993e-05
  3.862492e+00   1.131864e-04   2.665923e-05
  3.867654e+00   8.106204e-05   2.693181e-05
  3.872816e+00   9.890193e-05   2.689678e-05
  3.877978e+00   1.428629e-04   2.679247e-05
  3.883139e+00   8.281505e-05   2.703295e-05
  3.888301e+00   1.893659e-04   2.690546e-05
  3.893463e+00   9.699643e-05   2.671079e-05
  3.898625e+00   1.360524e-04   2.703659e-05
  3.903786e+00   9.940408e-05   2.669986e-05
  3.908948e+00   9.604148e-05   2.667451e-05
  3.914110e+00   1.243549e-04   2.692351e-05
  3.919272e+00   1.080080e-04   2.679983e-05
  3.924433e+00   1.696563e-04   2.663168e-05
  3.929595e+00   1.167688e-04   2.701167e-05
  3.934757e+00   9.947583e-05   2.689829e-05
  3.939919e+00   1.412712e-04   2.672487e-05
  3.945080e+00   1.060083e-04   2.697890e-05
  3.950242e+00   1.452302e-04   2.680836e-05
  3.955404e+00   1.214361e-04   2.673463e-05
  3.960566e+00   1.354337e-04   2.708785e-05
  3.965727e+00   9.890642e-05   2.688626e-05
  3.970889e+00   1.243774e-04   2.690575e-05
  3.976051e+00   1.790718e-04   2.717535e-05
  3.981213e+00   1.030762e-04   2.681585e-05
  3.986374e+00   9.783036e-05   2.688410e-05
  3.991536e+00   1.432664e-04   2.713632e-05
  3.996698e+00   1.114154e-04   2.687663e-05
  4.001860e+00   1.115545e-04   2.696082e-05
  4.007021e+00   9.689780e-05   2.713752e-05
  4.012183e+00   1.528835e-04   2.684040e-05
  4.017345e+00   1.516685e-04   2.719674e-05
  4.022507e+00   1.526055e-04   2.711749e-05
  4.027668e+00   1.186653e-04   2.702317e-05
  4.032830e+00   8.396286e-05   2.708915e-05
  4.037992e+00   1.614202e-04   2.716711e-05
  4.043154e+00   1.465169e-04   2.692095e-05
  4.048316e+00   1.176162e-04   2.712245e-05
  4.053477e+00   1.631194e-04   2.715275e-05
  4.058639e+00   1.645362e-04   2.707442e-05
  4.063801e+00   1.516730e-04   2.723608e-05
  4.068963e+00   1.487318e-04   2.709105e-05
  4.074124e+00   1.480996e-04   2.720918e-05
  4.079286e+00   1.152399e-04   2.728398e-05
  4.084448e+00   1.070933e-04   2.707805e-05
  4.089610e+00   1.168854e-04   2.720193e-05
  4.094771e+00   1.470953e-04   2.732267e-05
  4.099933e+00   1.227767e-04   2.710763e-05
  4.105095e+00   1.221849e-04   2.715357e-05
  4.110257e+00   1.397692e-04   2.732738e-05
  4.115418e+00   1.293361e-04   2.729380e-05
  4.120580e+00   1.012513e-04   2.726681e-05
  4.125742e+00   1.042508e-04   2.743675e-05
  4.130904e+00   1.205753e-04   2.721050e-05
  4.136065e+00   1.070485e-04   2.738980e-05
  4.141227e+00   1.570980e-04   2.748411e-05
  4.146389e+00   4.023062e-05   2.730664e-05
  4.151551e+00   8.189148e-05   2.733724e-05
  4.156713e+00   5.819609e-05   2.753387e-05
  4.161874e+00   1.317527e-04   2.733746e-05
  4.167036e+00   7.325623e-05   2.748334e-05
  4.172198e+00   1.275561e-04   2.770870e-05
  4.177360e+00   1.287129e-04   2.740109e-05
  4.182521e+00   1.201807e-04   2.746967e-05
  4.187683e+00   1.563179e-04   2.775968e-05
  4.192845e+00   1.344204e-04   2.741481e-05
  4.198007e+00   5.568083e-05   2.761405e-05
  4.203168e+00   1.438044e-04   2.772169e-05
  4.208330e+00   1.535785e-04   2.752300e-05
  4.213492e+00   6.004778e-05   2.764774e-05
  4.218654e+00   9.957447e-05   2.772403e-05
  4.223815e+00   1.521258e-04   2.748414e-05
  4.228977e+00   1.320531e-04   2.763927e-05
  4.234139e+00   1.173606e-04   2.781727e-05
  4.239301e+00   7.997253e-05   2.745577e-05
  4.244462e+00   9.143693e-05   2.767578e-05
  4.249624e+00   7.501376e-05   2.778069e-05
  4.254786e+00   1.507898e-04   2.754027e-05
  4.259948e+00   1.489067e-04   2.776764e-05
  4.265110e+00   1.132133e-04   2.788892e-05
  4.270271e+00   7.222950e-05   2.759219e-05
  4.275433e+00   1.616443e-04   2.853105e-05
  4.280595e+00   1.188447e-04   2.883036e-05
  4.285757e+00   1.311743e-04   2.925346e-05
  4.290918e+00   7.875751e-05   2.932449e-05
  4.296080e+00   1.403700e-04   2.959823e-05
  4.301242e+00   1.016907e-04   2.959438e-05
  4.306404e+00   1.365680e-04   2.963524e-05
  4.311565e+00   5.489173e-05   2.969674e-05
  4.316727e+00   1.214989e-04   2.990507e-05
  4.321889e+00   1.443021e-04   3.002212e-05
  4.327051e+00   1.067615e-04   3.004893e-05
  4.332212e+00   8.300341e-05   3.010414e-05
  4.337374e+00   9.225738e-05   3.028706e-05
  4.342536e+00   5.666720e-05   3.022757e-05
  4.347698e+00   1.421590e-04   3.043453e-05
  4.352859e+00   1.408767e-04   3.057512e-05
  4.358021e+00   4.630131e-05   3.075147e-05
  4.363183e+00   1.025022e-04   3.073442e-05
  4.368345e+00   1.235389e-04   3.087147e-05
  4.373507e+00   1.081918e-04   3.096584e-05
  4.378668e+00   1.328691e-04   3.093707e-05
  4.383830e+00   8.000392e-05   3.105101e-05
  4.388992e+00   1.450194e-04   3.100652e-05
  4.394154e+00   1.512649e-04   3.123986e-05
  4.399315e+00   1.352274e-04   3.111214e-05
  4.404477e+00   1.770497e-04   3.145051e-05
  4.409639e+00   8.231290e-05   3.131488e-05
  4.414801e+00   1.592815e-04   3.148812e-05
  4.419962e+00   1.289864e-04   3.167642e-05
  4.425124e+00   7.860955e-05   3.172015e-05
  4.430286e+00   1.081021e-04   3.171356e-05
  4.435448e+00   5.119731e-05   3.162546e-05
  4.440609e+00   1.018431e-04   3.178877e-05
  4.445771e+00   1.018745e-04   3.200262e-05
  4.450933e+00   9.725654e-05   3.207924e-05
  4.456095e+00   1.212837e-04   3.211338e-05
  4.461257e+00   1.067526e-04   3.213017e-05
  4.466418e+00   1.291119e-04   3.226745e-05
  4.471580e+00   1.536637e-04   3.233755e-05
  4.476742e+00   1.290671e-04   3.229945e-05
  4.481904e+00   1.220728e-04   3.231610e-05
  4.487065e+00   1.480413e-04   3.217852e-05
  4.492227e+00   1.339990e-04   3.235178e-05
  4.497389e+00   7.825086e-05   3.228871e-05
  4.502551e+00   9.437362e-05   3.242503e-05
  4.507712e+00   1.542869e-04   3.231873e-05
  4.512874e+00   1.217724e-04   3.246901e-05
  4.518036e+00   5.681068e-05   3.253528e-05
  4.523198e+00   8.140281e-05   3.237692e-05
  4.528359e+00   1.315286e-04   3.244001e-05
  4.533521e+00   8.437088e-05   3.233556e-05
  4.538683e+00   1.206560e-04   3.245463e-05
  4.543845e+00   1.381417e-04   3.246277e-05
  4.549006e+00   1.211537e-04   3.246771e-05
  4.554168e+00   1.163921e-04   3.229442e-05
  4.559330e+00   1.498033e-04   3.238658e-05
  4.564492e+00   9.184045e-05   3.245596e-05
  4.569654e+00   1.373929e-04   3.252096e-05
  4.574815e+00   1.636529e-04   3.238211e-05
  4.579977e+00   1.250543e-04   3.249335e-05
  4.585139e+00   4.695141e-05   3.231600e-05
  4.590301e+00   1.474361e-04   3.253921e-05
  4.595462e+00   1.461896e-04   3.241921e-05
  4.600624e+00   1.268612e-04   3.267038e-05
  4.605786e+00   1.428853e-04   3.264915e-05
  4.610948e+00   8.201250e-05   3.272179e-05
  4.616109e+00   1.074296e-04   3.295469e-05
  4.621271e+00   1.176027e-04   3.276963e-05
  4.626433e+00   1.072817e-04   3.289173e-05
  4.631595e+00   8.678302e-05   3.309228e-05
  4.636756e+00   1.351423e-04   3.313617e-05
  4.641918e+00   1.000005e-04   3.328485e-05
  4.647080e+00   3.930701e-05   3.328176e-05
  4.652242e+00   1.054479e-04   3.340809e-05
  4.657403e+00   9.303304e-05   3.346187e-05
  4.662565e+00   9.321682e-05   3.378133e-05
  4.667727e+00   9.730132e-05   3.378337e-05
  4.672889e+00   9.253089e-05   3.367459e-05
  4.678051e+00   1.167957e-04   3.379937e-05
  4.683212e+00   2.640793e-05   3.391549e-05
  4.688374e+00   9.669155e-05   3.419770e-05
  4.693536e+00   9.922479e-05   3.420182e-05
  4.698698e+00   6.902379e-05   3.430529e-05
  4.703859e+00   1.633032e-04   3.443464e-05
  4.709021e+00   9.822498e-05   3.463942e-05
  4.714183e+00   1.093799e-04   3.472260e-05
  4.719345e+00   1.396931e-04   3.483632e-05
  4.724506e+00   7.682959e-05   3.492852e-05
  4.729668e+00   1.412802e-04   3.492387e-05
  4.734830e+00   1.011886e-04   3.520074e-05
  4.739992e+00   7.824190e-05   3.515462e-05
  4.745153e+00   7.296031e-05   3.525727e-05
  4.750315e+00   4.531941e-05   3.550027e-05
  4.755477e+00   3.944152e-05   3.545450e-05
  4.760639e+00   1.268881e-04   3.578409e-05
  4.765800e+00   1.351557e-04   3.602990e-05
  4.770962e+00   3.778710e-05   3.576609e-05
  4.776124e+00   8.546483e-05   3.602230e-05
  4.781286e+00   1.213599e-04   3.606720e-05
  4.786448e+00   1.598330e-04   3.617084e-05
  4.791609e+00   1.097521e-04   3.637607e-05
  4.796771e+00   9.209598e-05   3.653367e-05
  4.801933e+00   1.352319e-04   3.657925e-05
  4.807095e+00   1.076448e-04   3.679612e-05
  4.812256e+00   1.095682e-04   3.681841e-05
  4.817418e+00   1.765386e-04   3.717457e-05
  4.822580e+00   1.602858e-04   3.697537e-05
  4.827742e+00   5.399054e-05   3.716151e-05
  4.832903e+00   6.619469e-05   3.720213e-05
  4.838065e+00   1.028968e-04   3.724931e-05
  4.843227e+00   1.131774e-04   3.753151e-05
  4.848388e+00   9.608634e-05   3.762105e-05
  4.853550e+00   9.527480e-05   3.783343e-05
  4.858712e+00   1.430288e-04   3.785737e-05
  4.863873e+00   7.036884e-05   3.807837e-05
  4.869035e+00   7.999047e-05   3.816433e-05
  4.874197e+00   1.318245e-04   3.804365e-05
  4.879359e+00   1.079945e-04   3.818878e-05
  4.884521e+00   1.277758e-04   3.834311e-05
  4.889682e+00   7.190220e-05   3.832989e-05
  4.894844e+00   9.192560e-05   3.822176e-05
  4.900006e+00   1.112496e-04   3.847473e-05
  4.905168e+00   4.187159e-05   3.858755e-05
  4.910329e+00   8.226362e-05   3.883150e-05
  4.915491e+00   9.457988e-05   3.944734e-05
  4.920653e+00   1.447953e-04   3.904809e-05
  4.925815e+00   1.660247e-05   3.937960e-05
  4.930976e+00   1.226960e-04   3.960904e-05
  4.936138e+00   9.135619e-05   3.959867e-05
  4.941300e+00   1.120431e-04   4.002872e-05
  4.946462e+00   1.351423e-04   4.031179e-05
  4.951623e+00   8.582349e-05   4.035762e-05
  4.956785e+00   1.330619e-04   4.069710e-05
  4.961947e+00   8.670678e-05   4.069016e-05
  4.967109e+00  -5.752356e-06   4.133528e-05
  4.972270e+00   7.956902e-05   4.108342e-05
  4.977432e+00   7.893684e-05   4.135578e-05
  4.982594e+00   2.113531e-05   4.144917e-05
  4.987756e+00   1.448088e-04   4.188547e-05
  4.992918e+00   1.201718e-04   4.188407e-05
  4.998079e+00   1.395943e-04   4.217082e-05
  5.003241e+00   6.702861e-05   4.254568e-05
  5.008403e+00   9.159832e-05   4.271183e-05
  5.013565e+00   1.820488e-04   4.295693e-05
  5.018726e+00   1.512964e-04   4.341341e-05
  5.023888e+00   5.545665e-05   4.327135e-05
  5.029050e+00   1.452839e-04   4.336678e-05
  5.034212e+00   8.852263e-05   4.347868e-05
  5.039373e+00   6.871442e-05   4.380889e-05
  5.044535e+00   1.733508e-04   4.408927e-05
  5.049697e+00   6.449543e-05   4.364838e-05
  5.054859e+00   7.702686e-05   4.428072e-05
  5.060020e+00   4.978500e-05   4.464879e-05
  5.065182e+00   7.269579e-05   4.529471e-05
  5.070344e+00   1.082546e-04   4.588568e-05
  5.075506e+00   1.203108e-04   4.617658e-05
  5.080667e+00   1.159662e-04   4.665035e-05
  5.085829e+00   1.722389e-04   4.698693e-05
  5.090991e+00   9.692027e-05   4.753692e-05
  5.096153e+00   1.338241e-04   4.785659e-05
  5.101315e+00   1.355323e-04   4.833445e-05
  5.106476e+00   3.259967e-05   4.907885e-05
  5.111638e+00   8.847777e-05   4.972519e-05
  5.116800e+00   9.456639e-05   5.066046e-05
  5.121962e+00   1.305601e-05   5.092575e-05
  5.127123e+00   1.366621e-04   5.141848e-05
  5.132285e+00   9.601010e-05   5.211033e-05
  5.137447e+00   5.277999e-05   5.236526e-05
  5.142609e+00   1.250947e-04   5.380820e-05
  5.147770e+00   1.498302e-04   5.510882e-05
  5.152932e+00   5.880136e-05   5.575431e-05
  5.158094e+00   1.041746e-04   5.704014e-05
  5.163256e+00   6.369737e-05   5.784588e-05
  5.168417e+00   2.500056e-04   6.059979e-05
  5.173579e+00   4.776294e-05   6.352143e-05
  5.178741e+00   1.375096e-04   6.385124e-05
  5.183903e+00   4.591124e-05   6.518885e-05
  5.189065e+00   9.583073e-05   6.571316e-05
  5.194226e+00   3.263554e-05   6.997380e-05
  5.199388e+00   1.321741e-04   7.310535e-05
  5.204550e+00   1.085191e-04   7.775319e-05
  5.209712e+00   6.813605e-05   1.113273e-04
range-from: 1
range-to: 1000
Buffer: NaP
Code: TipAS_NaP
Concentration: 1.79
Measurement Temperature (degrees C): 20.0
Storage Temperature (degrees C): 20.0
datop-operation: /media/alessandra/TOSHIBA_EXT/Post-Doc/DAbramo/TipAS/20230120_BM29/TipAStrend_20deg_sc/sub_001.dat DIV 1.79
range-from: 1
range-to: 1000
parent: TipAS_NaP_20deg_1-2_ave_sub.dat
creator: datop
creator-version: v0.4 (r12314)
datop-operation: TipAS_NaP_20deg_1-2_ave_sub.dat MUL 0.00080255
