Sample description: Sample c= 1.79 mg/ml
Sample: Sample c= 1.79   c= 1.79 mg/ml  Code: TipAS_NaP
Parent(s): TipAS_NaP_20degBACK_1-2_ave_sub.dat
  5.311318e-02   2.293410e-02   1.157493e-03
  5.827494e-02   2.580127e-02   7.757663e-04
  6.343670e-02   2.508390e-02   5.977697e-04
  6.859846e-02   2.556848e-02   4.895430e-04
  7.376022e-02   2.532978e-02   4.279705e-04
  7.892198e-02   2.510314e-02   3.771418e-04
  8.408374e-02   2.593285e-02   3.340513e-04
  8.924550e-02   2.580642e-02   2.923190e-04
  9.440726e-02   2.614538e-02   2.672457e-04
  9.956902e-02   2.561646e-02   2.471667e-04
  1.047308e-01   2.565780e-02   2.239249e-04
  1.098925e-01   2.520182e-02   2.067376e-04
  1.150543e-01   2.532848e-02   1.929044e-04
  1.202161e-01   2.497018e-02   1.804624e-04
  1.253778e-01   2.540195e-02   1.726393e-04
  1.305396e-01   2.500218e-02   1.627242e-04
  1.357013e-01   2.490846e-02   1.529688e-04
  1.408631e-01   2.495756e-02   1.478101e-04
  1.460249e-01   2.484003e-02   1.384056e-04
  1.511866e-01   2.453200e-02   1.352727e-04
  1.563484e-01   2.450655e-02   1.295085e-04
  1.615101e-01   2.443396e-02   1.241096e-04
  1.666719e-01   2.435193e-02   1.215797e-04
  1.718337e-01   2.390577e-02   1.174361e-04
  1.769954e-01   2.364853e-02   1.123870e-04
  1.821572e-01   2.372918e-02   1.102481e-04
  1.873190e-01   2.369616e-02   1.075781e-04
  1.924807e-01   2.351434e-02   1.045894e-04
  1.976425e-01   2.333551e-02   1.027947e-04
  2.028042e-01   2.305395e-02   1.004199e-04
  2.079660e-01   2.296429e-02   9.721449e-05
  2.131277e-01   2.299449e-02   9.637454e-05
  2.182895e-01   2.268133e-02   9.494463e-05
  2.234513e-01   2.245833e-02   9.240440e-05
  2.286130e-01   2.231554e-02   9.145571e-05
  2.337748e-01   2.226663e-02   8.978616e-05
  2.389365e-01   2.194868e-02   8.699851e-05
  2.440983e-01   2.209636e-02   8.649964e-05
  2.492601e-01   2.167333e-02   8.551596e-05
  2.544218e-01   2.156071e-02   8.338896e-05
  2.595836e-01   2.140007e-02   8.266466e-05
  2.647454e-01   2.123839e-02   8.127432e-05
  2.699071e-01   2.107922e-02   7.932758e-05
  2.750689e-01   2.100155e-02   7.964143e-05
  2.802306e-01   2.070798e-02   7.803086e-05
  2.853924e-01   2.053491e-02   7.621158e-05
  2.905541e-01   2.035272e-02   7.663330e-05
  2.957159e-01   2.015625e-02   7.759341e-05
  3.008777e-01   1.997449e-02   7.739909e-05
  3.060394e-01   1.990408e-02   7.805395e-05
  3.112012e-01   1.959531e-02   7.670168e-05
  3.163629e-01   1.952242e-02   7.618118e-05
  3.215247e-01   1.921871e-02   7.639132e-05
  3.266865e-01   1.912144e-02   7.587155e-05
  3.318482e-01   1.897774e-02   7.512397e-05
  3.370100e-01   1.887183e-02   7.462384e-05
  3.421718e-01   1.862431e-02   7.454327e-05
  3.473335e-01   1.855696e-02   7.437626e-05
  3.524953e-01   1.822044e-02   7.385079e-05
  3.576570e-01   1.820592e-02   7.139010e-05
  3.628188e-01   1.802965e-02   6.871837e-05
  3.679805e-01   1.777421e-02   6.886816e-05
  3.731423e-01   1.758713e-02   6.754001e-05
  3.783041e-01   1.752389e-02   6.584775e-05
  3.834658e-01   1.735019e-02   6.557138e-05
  3.886276e-01   1.712670e-02   6.470006e-05
  3.937894e-01   1.698282e-02   6.368992e-05
  3.989511e-01   1.674582e-02   6.345969e-05
  4.041129e-01   1.668491e-02   6.282859e-05
  4.092746e-01   1.650504e-02   6.110302e-05
  4.144364e-01   1.630534e-02   6.111494e-05
  4.195982e-01   1.621168e-02   6.079500e-05
  4.247599e-01   1.596770e-02   5.943452e-05
  4.299217e-01   1.585131e-02   5.941511e-05
  4.350834e-01   1.572779e-02   5.853602e-05
  4.402452e-01   1.557712e-02   5.758986e-05
  4.454069e-01   1.539961e-02   5.745774e-05
  4.505687e-01   1.522959e-02   5.725024e-05
  4.557305e-01   1.511678e-02   5.578494e-05
  4.608922e-01   1.488815e-02   5.597037e-05
  4.660540e-01   1.474797e-02   5.545432e-05
  4.712158e-01   1.470448e-02   5.610887e-05
  4.763775e-01   1.450855e-02   5.658547e-05
  4.815393e-01   1.442356e-02   5.651198e-05
  4.867010e-01   1.422430e-02   5.607780e-05
  4.918628e-01   1.406479e-02   5.649567e-05
  4.970246e-01   1.401383e-02   5.613515e-05
  5.021863e-01   1.369721e-02   5.588815e-05
  5.073481e-01   1.356721e-02   5.573396e-05
  5.125098e-01   1.346190e-02   5.568796e-05
  5.176716e-01   1.328189e-02   5.548302e-05
  5.228333e-01   1.312447e-02   5.534707e-05
  5.279951e-01   1.306539e-02   5.539702e-05
  5.331569e-01   1.285480e-02   5.410397e-05
  5.383186e-01   1.273694e-02   5.356582e-05
  5.434804e-01   1.255637e-02   5.277345e-05
  5.486422e-01   1.252085e-02   5.159760e-05
  5.538039e-01   1.238171e-02   5.128729e-05
  5.589657e-01   1.229955e-02   5.089933e-05
  5.641274e-01   1.208708e-02   4.983078e-05
  5.692892e-01   1.193217e-02   5.008167e-05
  5.744510e-01   1.187658e-02   4.989355e-05
  5.796127e-01   1.179801e-02   4.868828e-05
  5.847745e-01   1.156497e-02   4.854576e-05
  5.899363e-01   1.143521e-02   4.842053e-05
  5.950980e-01   1.137648e-02   4.763058e-05
  6.002598e-01   1.123641e-02   4.749347e-05
  6.054215e-01   1.109891e-02   4.726548e-05
  6.105833e-01   1.106599e-02   4.651961e-05
  6.157451e-01   1.086142e-02   4.651840e-05
  6.209068e-01   1.079093e-02   4.624092e-05
  6.260686e-01   1.061289e-02   4.538415e-05
  6.312303e-01   1.043173e-02   4.547943e-05
  6.363921e-01   1.044348e-02   4.554000e-05
  6.415538e-01   1.022854e-02   4.432761e-05
  6.467156e-01   1.020006e-02   4.458635e-05
  6.518773e-01   1.010992e-02   4.441580e-05
  6.570391e-01   9.901260e-03   4.375678e-05
  6.622009e-01   9.811591e-03   4.444410e-05
  6.673626e-01   9.697541e-03   4.487891e-05
  6.725244e-01   9.608650e-03   4.428635e-05
  6.776862e-01   9.484913e-03   4.460269e-05
  6.828479e-01   9.403093e-03   4.513134e-05
  6.880097e-01   9.287502e-03   4.382185e-05
  6.931714e-01   9.214759e-03   4.342669e-05
  6.983332e-01   9.096704e-03   4.307355e-05
  7.034950e-01   9.011296e-03   4.208563e-05
  7.086567e-01   8.913738e-03   4.252631e-05
  7.138185e-01   8.827079e-03   4.205551e-05
  7.189803e-01   8.748838e-03   4.124852e-05
  7.241420e-01   8.613167e-03   4.134393e-05
  7.293038e-01   8.573481e-03   4.113826e-05
  7.344655e-01   8.416406e-03   4.027364e-05
  7.396273e-01   8.343960e-03   4.027563e-05
  7.447891e-01   8.236659e-03   4.005086e-05
  7.499508e-01   8.167567e-03   3.955197e-05
  7.551126e-01   8.024760e-03   3.970678e-05
  7.602744e-01   8.030596e-03   3.957687e-05
  7.654361e-01   7.877441e-03   3.889779e-05
  7.705979e-01   7.767276e-03   3.913810e-05
  7.757596e-01   7.740505e-03   3.906235e-05
  7.809214e-01   7.645930e-03   3.855496e-05
  7.860831e-01   7.467570e-03   3.843285e-05
  7.912449e-01   7.445261e-03   3.828881e-05
  7.964066e-01   7.390185e-03   3.780677e-05
  8.015684e-01   7.320359e-03   3.800110e-05
  8.067302e-01   7.232137e-03   3.778302e-05
  8.118919e-01   7.163943e-03   3.722587e-05
  8.170537e-01   7.068165e-03   3.723539e-05
  8.222154e-01   7.059409e-03   3.691471e-05
  8.273772e-01   6.868761e-03   3.659062e-05
  8.325390e-01   6.839591e-03   3.652866e-05
  8.377007e-01   6.763609e-03   3.649990e-05
  8.428625e-01   6.702660e-03   3.599649e-05
  8.480242e-01   6.609192e-03   3.590076e-05
  8.531860e-01   6.609689e-03   3.601187e-05
  8.583478e-01   6.476440e-03   3.555341e-05
  8.635095e-01   6.365423e-03   3.557023e-05
  8.686713e-01   6.307832e-03   3.545668e-05
  8.738331e-01   6.246870e-03   3.509353e-05
  8.789948e-01   6.168404e-03   3.513600e-05
  8.841566e-01   6.113947e-03   3.508498e-05
  8.893183e-01   6.049438e-03   3.475548e-05
  8.944801e-01   5.986189e-03   3.461317e-05
  8.996419e-01   5.978132e-03   3.460047e-05
  9.048036e-01   5.809741e-03   3.416845e-05
  9.099654e-01   5.766550e-03   3.429510e-05
  9.151272e-01   5.652817e-03   3.404549e-05
  9.202889e-01   5.662690e-03   3.367552e-05
  9.254507e-01   5.516020e-03   3.388194e-05
  9.306124e-01   5.557188e-03   3.363375e-05
  9.357742e-01   5.477969e-03   3.337658e-05
  9.409359e-01   5.387204e-03   3.323893e-05
  9.460977e-01   5.313590e-03   3.325192e-05
  9.512594e-01   5.273269e-03   3.298159e-05
  9.564212e-01   5.164808e-03   3.292034e-05
  9.615830e-01   5.176192e-03   3.287040e-05
  9.667447e-01   5.130326e-03   3.244498e-05
  9.719065e-01   5.044654e-03   3.244010e-05
  9.770682e-01   4.993412e-03   3.239166e-05
  9.822300e-01   4.924528e-03   3.236199e-05
  9.873918e-01   4.913368e-03   3.287300e-05
  9.925535e-01   4.752513e-03   3.283803e-05
  9.977153e-01   4.723988e-03   3.285581e-05
  1.002877e+00   4.645899e-03   3.303630e-05
  1.008039e+00   4.629462e-03   3.317419e-05
  1.013201e+00   4.591254e-03   3.316646e-05
  1.018362e+00   4.552243e-03   3.333525e-05
  1.023524e+00   4.508726e-03   3.352317e-05
  1.028686e+00   4.436797e-03   3.309125e-05
  1.033848e+00   4.326090e-03   3.317025e-05
  1.039009e+00   4.343759e-03   3.317588e-05
  1.044171e+00   4.341271e-03   3.291860e-05
  1.049333e+00   4.246458e-03   3.290495e-05
  1.054495e+00   4.213809e-03   3.310126e-05
  1.059656e+00   4.182976e-03   3.287713e-05
  1.064818e+00   4.174461e-03   3.292554e-05
  1.069980e+00   4.106993e-03   3.307474e-05
  1.075142e+00   4.062401e-03   3.263105e-05
  1.080303e+00   3.964131e-03   3.283104e-05
  1.085465e+00   3.877751e-03   3.288383e-05
  1.090627e+00   3.828271e-03   3.250703e-05
  1.095789e+00   3.823178e-03   3.266155e-05
  1.100950e+00   3.744972e-03   3.276495e-05
  1.106112e+00   3.748949e-03   3.235264e-05
  1.111274e+00   3.644998e-03   3.297029e-05
  1.116436e+00   3.679019e-03   3.334126e-05
  1.121598e+00   3.570854e-03   3.341944e-05
  1.126759e+00   3.589416e-03   3.366202e-05
  1.131921e+00   3.512420e-03   3.397169e-05
  1.137083e+00   3.450346e-03   3.380050e-05
  1.142245e+00   3.444051e-03   3.368290e-05
  1.147406e+00   3.404417e-03   3.395578e-05
  1.152568e+00   3.343150e-03   3.389169e-05
  1.157730e+00   3.341867e-03   3.399820e-05
  1.162892e+00   3.278834e-03   3.381417e-05
  1.168053e+00   3.213334e-03   3.371830e-05
  1.173215e+00   3.244051e-03   3.388381e-05
  1.178377e+00   3.138128e-03   3.320989e-05
  1.183539e+00   3.127358e-03   3.275353e-05
  1.188700e+00   3.048121e-03   3.315820e-05
  1.193862e+00   3.041006e-03   3.308839e-05
  1.199024e+00   3.019574e-03   3.274390e-05
  1.204186e+00   2.998726e-03   3.328597e-05
  1.209347e+00   2.932437e-03   3.310013e-05
  1.214509e+00   2.871860e-03   3.284324e-05
  1.219671e+00   2.923923e-03   3.308987e-05
  1.224833e+00   2.863396e-03   3.295053e-05
  1.229995e+00   2.880253e-03   3.262642e-05
  1.235156e+00   2.751365e-03   3.311016e-05
  1.240318e+00   2.767152e-03   3.283398e-05
  1.245480e+00   2.778598e-03   3.272670e-05
  1.250642e+00   2.735014e-03   3.285432e-05
  1.255803e+00   2.696474e-03   3.271137e-05
  1.260965e+00   2.699549e-03   3.262006e-05
  1.266127e+00   2.612560e-03   3.290699e-05
  1.271289e+00   2.612685e-03   3.259171e-05
  1.276450e+00   2.581691e-03   3.240327e-05
  1.281612e+00   2.531382e-03   3.258732e-05
  1.286774e+00   2.526759e-03   3.242262e-05
  1.291936e+00   2.487546e-03   3.305268e-05
  1.297097e+00   2.442774e-03   3.330276e-05
  1.302259e+00   2.337079e-03   3.322556e-05
  1.307421e+00   2.383367e-03   3.361201e-05
  1.312583e+00   2.347280e-03   3.376544e-05
  1.317744e+00   2.294329e-03   3.366143e-05
  1.322906e+00   2.272248e-03   3.388129e-05
  1.328068e+00   2.246037e-03   3.437887e-05
  1.333230e+00   2.190459e-03   3.399649e-05
  1.338391e+00   2.236062e-03   3.455051e-05
  1.343553e+00   2.206735e-03   3.448063e-05
  1.348715e+00   2.204031e-03   3.439678e-05
  1.353877e+00   2.118831e-03   3.452702e-05
  1.359038e+00   2.174655e-03   3.403403e-05
  1.364200e+00   2.153762e-03   3.372133e-05
  1.369362e+00   2.091844e-03   3.326826e-05
  1.374524e+00   2.037853e-03   3.344939e-05
  1.379686e+00   2.055299e-03   3.335007e-05
  1.384847e+00   1.943848e-03   3.298910e-05
  1.390009e+00   1.973649e-03   3.319316e-05
  1.395171e+00   1.978936e-03   3.277159e-05
  1.400333e+00   1.924053e-03   3.278381e-05
  1.405494e+00   1.848080e-03   3.278292e-05
  1.410656e+00   1.858872e-03   3.262945e-05
  1.415818e+00   1.914221e-03   3.243429e-05
  1.420980e+00   1.815211e-03   3.272037e-05
  1.426141e+00   1.780491e-03   3.250670e-05
  1.431303e+00   1.842511e-03   3.237314e-05
  1.436465e+00   1.817587e-03   3.245332e-05
  1.441627e+00   1.778567e-03   3.223265e-05
  1.446788e+00   1.747035e-03   3.211690e-05
  1.451950e+00   1.685499e-03   3.230326e-05
  1.457112e+00   1.652733e-03   3.187532e-05
  1.462274e+00   1.703585e-03   3.188860e-05
  1.467435e+00   1.660512e-03   3.198641e-05
  1.472597e+00   1.664785e-03   3.207414e-05
  1.477759e+00   1.583548e-03   3.167104e-05
  1.482921e+00   1.620873e-03   3.184890e-05
  1.488083e+00   1.567026e-03   3.167431e-05
  1.493244e+00   1.597532e-03   3.162911e-05
  1.498406e+00   1.481422e-03   3.176314e-05
  1.503568e+00   1.530539e-03   3.150934e-05
  1.508730e+00   1.500450e-03   3.145727e-05
  1.513891e+00   1.538125e-03   3.167704e-05
  1.519053e+00   1.474060e-03   3.161318e-05
  1.524215e+00   1.468138e-03   3.144218e-05
  1.529377e+00   1.453158e-03   3.145462e-05
  1.534538e+00   1.387474e-03   3.146453e-05
  1.539700e+00   1.403135e-03   3.119671e-05
  1.544862e+00   1.423015e-03   3.147725e-05
  1.550024e+00   1.371047e-03   3.123137e-05
  1.555185e+00   1.355538e-03   3.110932e-05
  1.560347e+00   1.370674e-03   3.135214e-05
  1.565509e+00   1.376848e-03   3.127770e-05
  1.570671e+00   1.319720e-03   3.087884e-05
  1.575832e+00   1.261604e-03   3.113664e-05
  1.580994e+00   1.302714e-03   3.107843e-05
  1.586156e+00   1.272409e-03   3.090719e-05
  1.591318e+00   1.250378e-03   3.101731e-05
  1.596480e+00   1.279955e-03   3.088448e-05
  1.601641e+00   1.281574e-03   3.076628e-05
  1.606803e+00   1.246405e-03   3.095272e-05
  1.611965e+00   1.181260e-03   3.075553e-05
  1.617127e+00   1.244347e-03   3.070846e-05
  1.622288e+00   1.169549e-03   3.072623e-05
  1.627450e+00   1.218056e-03   3.074328e-05
  1.632612e+00   1.168199e-03   3.049114e-05
  1.637774e+00   1.098570e-03   3.075790e-05
  1.642935e+00   1.151390e-03   3.051444e-05
  1.648097e+00   1.109801e-03   3.047288e-05
  1.653259e+00   1.111563e-03   3.054955e-05
  1.658421e+00   1.099400e-03   3.058379e-05
  1.663582e+00   1.072512e-03   3.032101e-05
  1.668744e+00   1.046283e-03   3.049968e-05
  1.673906e+00   1.071355e-03   3.036997e-05
  1.679068e+00   1.016060e-03   3.015992e-05
  1.684229e+00   1.031218e-03   3.035058e-05
  1.689391e+00   1.023480e-03   3.028784e-05
  1.694553e+00   1.022328e-03   3.013859e-05
  1.699715e+00   1.036948e-03   3.059260e-05
  1.704876e+00   1.009110e-03   3.003416e-05
  1.710038e+00   9.818549e-04   3.007321e-05
  1.715200e+00   9.939831e-04   3.013246e-05
  1.720362e+00   9.512818e-04   3.004436e-05
  1.725523e+00   9.177633e-04   2.985724e-05
  1.730685e+00   9.280704e-04   3.002927e-05
  1.735847e+00   9.338408e-04   2.988175e-05
  1.741009e+00   9.006048e-04   2.976267e-05
  1.746171e+00   8.746045e-04   3.014785e-05
  1.751332e+00   9.219012e-04   2.983907e-05
  1.756494e+00   8.584059e-04   2.955638e-05
  1.761656e+00   8.663190e-04   2.984173e-05
  1.766818e+00   9.024161e-04   2.958605e-05
  1.771979e+00   9.079176e-04   2.955676e-05
  1.777141e+00   8.403461e-04   2.966893e-05
  1.782303e+00   8.096702e-04   2.952667e-05
  1.787465e+00   8.288415e-04   2.932477e-05
  1.792626e+00   7.637676e-04   2.957991e-05
  1.797788e+00   7.772405e-04   2.926776e-05
  1.802950e+00   7.734788e-04   2.908371e-05
  1.808112e+00   7.205150e-04   2.933070e-05
  1.813273e+00   7.592751e-04   2.916706e-05
  1.818435e+00   7.551054e-04   2.907017e-05
  1.823597e+00   7.660003e-04   2.930580e-05
  1.828759e+00   7.767922e-04   2.913004e-05
  1.833920e+00   7.333648e-04   2.908056e-05
  1.839082e+00   7.114135e-04   2.915791e-05
  1.844244e+00   7.151258e-04   2.909279e-05
  1.849406e+00   6.708869e-04   2.879260e-05
  1.854568e+00   7.004423e-04   2.914652e-05
  1.859729e+00   6.856826e-04   2.908456e-05
  1.864891e+00   6.928248e-04   2.880642e-05
  1.870053e+00   6.309702e-04   2.908459e-05
  1.875215e+00   7.227568e-04   2.891249e-05
  1.880376e+00   6.926769e-04   2.885503e-05
  1.885538e+00   7.029710e-04   2.901477e-05
  1.890700e+00   6.618527e-04   2.883638e-05
  1.895862e+00   6.143139e-04   2.865957e-05
  1.901023e+00   6.298359e-04   2.888697e-05
  1.906185e+00   6.191472e-04   2.880397e-05
  1.911347e+00   6.162867e-04   2.859239e-05
  1.916509e+00   6.252627e-04   2.886582e-05
  1.921670e+00   6.015359e-04   2.860836e-05
  1.926832e+00   5.669097e-04   2.877619e-05
  1.931994e+00   6.068040e-04   2.877637e-05
  1.937156e+00   5.647442e-04   2.852402e-05
  1.942317e+00   5.978774e-04   2.850036e-05
  1.947479e+00   6.052931e-04   2.869840e-05
  1.952641e+00   5.793738e-04   2.856757e-05
  1.957803e+00   5.827141e-04   2.843355e-05
  1.962964e+00   5.445997e-04   2.858136e-05
  1.968126e+00   5.787193e-04   2.852677e-05
  1.973288e+00   5.635156e-04   2.843589e-05
  1.978450e+00   5.651476e-04   2.859298e-05
  1.983611e+00   5.584627e-04   2.845929e-05
  1.988773e+00   5.144928e-04   2.829134e-05
  1.993935e+00   5.693532e-04   2.846168e-05
  1.999097e+00   5.031361e-04   2.831343e-05
  2.004259e+00   5.636546e-04   2.827722e-05
  2.009420e+00   4.998452e-04   2.848442e-05
  2.014582e+00   4.889278e-04   2.838060e-05
  2.019744e+00   5.299655e-04   2.827645e-05
  2.024906e+00   5.295844e-04   2.832660e-05
  2.030067e+00   5.532125e-04   2.827614e-05
  2.035229e+00   4.889816e-04   2.805889e-05
  2.040391e+00   4.869282e-04   2.827072e-05
  2.045553e+00   5.137486e-04   2.816018e-05
  2.050714e+00   4.690210e-04   2.808868e-05
  2.055876e+00   5.229981e-04   2.829575e-05
  2.061038e+00   4.693572e-04   2.808191e-05
  2.066200e+00   4.881880e-04   2.816647e-05
  2.071362e+00   4.452673e-04   2.817373e-05
  2.076523e+00   5.115920e-04   2.800887e-05
  2.081685e+00   4.760198e-04   2.795998e-05
  2.086847e+00   4.295884e-04   2.810260e-05
  2.092008e+00   4.110984e-04   2.801545e-05
  2.097170e+00   3.857038e-04   2.792336e-05
  2.102332e+00   4.439715e-04   2.806033e-05
  2.107494e+00   4.490827e-04   2.802721e-05
  2.112655e+00   4.853051e-04   2.865322e-05
  2.117817e+00   4.187697e-04   2.896486e-05
  2.122979e+00   4.224282e-04   2.894738e-05
  2.128141e+00   4.621298e-04   2.926034e-05
  2.133302e+00   3.934468e-04   2.947677e-05
  2.138464e+00   4.088701e-04   2.948284e-05
  2.143626e+00   4.228676e-04   2.986622e-05
  2.148788e+00   4.159182e-04   2.992906e-05
  2.153949e+00   3.725760e-04   2.994876e-05
  2.159111e+00   4.075878e-04   3.014029e-05
  2.164273e+00   4.008670e-04   3.029491e-05
  2.169435e+00   4.175950e-04   3.023592e-05
  2.174597e+00   3.713610e-04   3.007860e-05
  2.179758e+00   3.961458e-04   2.977070e-05
  2.184920e+00   4.399454e-04   2.934911e-05
  2.190082e+00   4.080317e-04   2.917403e-05
  2.195244e+00   4.143310e-04   2.929039e-05
  2.200405e+00   3.799514e-04   2.911171e-05
  2.205567e+00   3.571437e-04   2.878728e-05
  2.210729e+00   4.100358e-04   2.884848e-05
  2.215891e+00   3.709620e-04   2.868935e-05
  2.221052e+00   3.512927e-04   2.844130e-05
  2.226214e+00   3.651558e-04   2.866129e-05
  2.231376e+00   3.225668e-04   2.842164e-05
  2.236538e+00   3.860848e-04   2.850262e-05
  2.241699e+00   3.735758e-04   2.857717e-05
  2.246861e+00   3.661780e-04   2.843040e-05
  2.252023e+00   3.861924e-04   2.815666e-05
  2.257185e+00   3.447916e-04   2.841637e-05
  2.262347e+00   3.383892e-04   2.813006e-05
  2.267508e+00   3.316728e-04   2.811045e-05
  2.272670e+00   3.655996e-04   2.831644e-05
  2.277832e+00   3.370620e-04   2.811766e-05
  2.282994e+00   3.211500e-04   2.814829e-05
  2.288155e+00   3.325202e-04   2.840062e-05
  2.293317e+00   3.296598e-04   2.801820e-05
  2.298479e+00   3.001268e-04   2.805377e-05
  2.303641e+00   3.640079e-04   2.819211e-05
  2.308802e+00   3.402991e-04   2.794214e-05
  2.313964e+00   3.131514e-04   2.786008e-05
  2.319126e+00   3.512075e-04   2.808717e-05
  2.324288e+00   3.170207e-04   2.781548e-05
  2.329449e+00   3.300902e-04   2.797866e-05
  2.334611e+00   3.477597e-04   2.803670e-05
  2.339773e+00   3.044355e-04   2.782202e-05
  2.344935e+00   3.577310e-04   2.785260e-05
  2.350096e+00   3.244857e-04   2.790148e-05
  2.355258e+00   3.049017e-04   2.764245e-05
  2.360420e+00   3.698589e-04   2.777532e-05
  2.365582e+00   3.191369e-04   2.781703e-05
  2.370744e+00   3.168324e-04   2.774050e-05
  2.375905e+00   3.492034e-04   2.769247e-05
  2.381067e+00   3.080716e-04   2.791308e-05
  2.386229e+00   2.818161e-04   2.752017e-05
  2.391391e+00   3.098381e-04   2.764111e-05
  2.396552e+00   3.472038e-04   2.772789e-05
  2.401714e+00   2.476920e-04   2.750050e-05
  2.406876e+00   2.982751e-04   2.755097e-05
  2.412038e+00   3.001941e-04   2.764862e-05
  2.417199e+00   2.834257e-04   2.741722e-05
  2.422361e+00   2.828025e-04   2.759929e-05
  2.427523e+00   3.175408e-04   2.759449e-05
  2.432685e+00   3.206613e-04   2.746394e-05
  2.437846e+00   3.308748e-04   2.729495e-05
  2.443008e+00   2.828159e-04   2.739639e-05
  2.448170e+00   2.993198e-04   2.715047e-05
  2.453332e+00   2.607839e-04   2.730602e-05
  2.458493e+00   3.242212e-04   2.724433e-05
  2.463655e+00   2.984141e-04   2.708837e-05
  2.468817e+00   2.570088e-04   2.712629e-05
  2.473979e+00   2.893260e-04   2.720930e-05
  2.479141e+00   2.585646e-04   2.695595e-05
  2.484302e+00   2.558789e-04   2.707339e-05
  2.489464e+00   3.301440e-04   2.706211e-05
  2.494626e+00   3.248355e-04   2.690632e-05
  2.499788e+00   2.685270e-04   2.701801e-05
  2.504949e+00   2.865327e-04   2.701144e-05
  2.510111e+00   2.710556e-04   2.689099e-05
  2.515273e+00   2.807311e-04   2.699696e-05
  2.520435e+00   3.362595e-04   2.709322e-05
  2.525596e+00   2.672760e-04   2.686118e-05
  2.530758e+00   3.145100e-04   2.689403e-05
  2.535920e+00   2.475082e-04   2.694012e-05
  2.541082e+00   2.581117e-04   2.681734e-05
  2.546243e+00   2.986741e-04   2.691702e-05
  2.551405e+00   2.480597e-04   2.683100e-05
  2.556567e+00   2.704638e-04   2.682617e-05
  2.561729e+00   2.506377e-04   2.689828e-05
  2.566890e+00   2.504718e-04   2.693230e-05
  2.572052e+00   2.537403e-04   2.701123e-05
  2.577214e+00   2.638910e-04   2.747295e-05
  2.582376e+00   2.467460e-04   2.779499e-05
  2.587538e+00   2.892678e-04   2.802489e-05
  2.592699e+00   2.669129e-04   2.806289e-05
  2.597861e+00   2.312644e-04   2.812423e-05
  2.603023e+00   2.300987e-04   2.749292e-05
  2.608185e+00   2.305560e-04   2.750936e-05
  2.613346e+00   2.789466e-04   2.747376e-05
  2.618508e+00   2.285340e-04   2.720239e-05
  2.623670e+00   2.534264e-04   2.724667e-05
  2.628832e+00   2.168948e-04   2.720086e-05
  2.633993e+00   2.485798e-04   2.696586e-05
  2.639155e+00   2.205667e-04   2.709032e-05
  2.644317e+00   2.397248e-04   2.712384e-05
  2.649479e+00   2.447329e-04   2.707378e-05
  2.654640e+00   2.477279e-04   2.714627e-05
  2.659802e+00   2.570985e-04   2.714338e-05
  2.664964e+00   2.476697e-04   2.699143e-05
  2.670126e+00   2.302242e-04   2.704006e-05
  2.675287e+00   2.436120e-04   2.704983e-05
  2.680449e+00   2.385591e-04   2.686043e-05
  2.685611e+00   2.568698e-04   2.703776e-05
  2.690773e+00   2.661193e-04   2.692808e-05
  2.695935e+00   2.116087e-04   2.687574e-05
  2.701096e+00   2.842866e-04   2.701583e-05
  2.706258e+00   2.757006e-04   2.695218e-05
  2.711420e+00   2.411192e-04   2.684539e-05
  2.716581e+00   2.376355e-04   2.688420e-05
  2.721743e+00   2.394109e-04   2.688081e-05
  2.726905e+00   2.538883e-04   2.674333e-05
  2.732067e+00   2.438407e-04   2.693087e-05
  2.737228e+00   2.506063e-04   2.680948e-05
  2.742390e+00   2.335062e-04   2.675118e-05
  2.747552e+00   2.768753e-04   2.684732e-05
  2.752714e+00   2.421773e-04   2.681038e-05
  2.757875e+00   2.325601e-04   2.672438e-05
  2.763037e+00   2.535520e-04   2.670055e-05
  2.768199e+00   2.537941e-04   2.667315e-05
  2.773361e+00   2.138997e-04   2.653386e-05
  2.778522e+00   2.360349e-04   2.669404e-05
  2.783684e+00   2.366267e-04   2.663996e-05
  2.788846e+00   1.938091e-04   2.652644e-05
  2.794008e+00   2.219656e-04   2.663964e-05
  2.799170e+00   2.712754e-04   2.667070e-05
  2.804331e+00   2.770770e-04   2.639877e-05
  2.809493e+00   2.294217e-04   2.657907e-05
  2.814655e+00   2.350126e-04   2.644226e-05
  2.819817e+00   1.940512e-04   2.626964e-05
  2.824978e+00   2.649132e-04   2.651311e-05
  2.830140e+00   2.276821e-04   2.638764e-05
  2.835302e+00   2.324795e-04   2.636939e-05
  2.840464e+00   2.224632e-04   2.651652e-05
  2.845625e+00   2.506108e-04   2.653163e-05
  2.850787e+00   2.289195e-04   2.634593e-05
  2.855949e+00   2.057981e-04   2.645621e-05
  2.861111e+00   2.345419e-04   2.639284e-05
  2.866272e+00   2.588291e-04   2.629978e-05
  2.871434e+00   2.448809e-04   2.650793e-05
  2.876596e+00   2.240325e-04   2.630493e-05
  2.881758e+00   2.579907e-04   2.632748e-05
  2.886919e+00   2.152358e-04   2.631533e-05
  2.892081e+00   2.322911e-04   2.635473e-05
  2.897243e+00   2.790811e-04   2.612002e-05
  2.902405e+00   2.098646e-04   2.624995e-05
  2.907567e+00   2.415048e-04   2.622770e-05
  2.912728e+00   2.249830e-04   2.607979e-05
  2.917890e+00   2.593582e-04   2.634022e-05
  2.923052e+00   2.165944e-04   2.618546e-05
  2.928214e+00   2.103354e-04   2.639690e-05
  2.933375e+00   2.458852e-04   2.695606e-05
  2.938537e+00   2.165675e-04   2.717255e-05
  2.943699e+00   2.146575e-04   2.735712e-05
  2.948861e+00   2.155183e-04   2.761422e-05
  2.954022e+00   2.374113e-04   2.763474e-05
  2.959184e+00   2.663390e-04   2.794606e-05
  2.964346e+00   1.922667e-04   2.809908e-05
  2.969508e+00   2.330758e-04   2.795652e-05
  2.974669e+00   1.815153e-04   2.827746e-05
  2.979831e+00   2.446611e-04   2.854881e-05
  2.984993e+00   2.001398e-04   2.847349e-05
  2.990155e+00   2.233779e-04   2.853865e-05
  2.995317e+00   2.161370e-04   2.843447e-05
  3.000478e+00   2.236290e-04   2.787603e-05
  3.005640e+00   2.488578e-04   2.752401e-05
  3.010802e+00   2.500369e-04   2.765915e-05
  3.015964e+00   2.179036e-04   2.724980e-05
  3.021125e+00   2.503956e-04   2.720494e-05
  3.026287e+00   1.919305e-04   2.729838e-05
  3.031449e+00   1.636485e-04   2.707786e-05
  3.036611e+00   2.220328e-04   2.693762e-05
  3.041772e+00   2.129985e-04   2.704971e-05
  3.046934e+00   2.314483e-04   2.699239e-05
  3.052096e+00   2.330713e-04   2.683234e-05
  3.057258e+00   2.326543e-04   2.692513e-05
  3.062419e+00   2.223198e-04   2.683800e-05
  3.067581e+00   1.734360e-04   2.676347e-05
  3.072743e+00   1.788431e-04   2.697842e-05
  3.077905e+00   1.932532e-04   2.676794e-05
  3.083066e+00   2.010679e-04   2.668153e-05
  3.088228e+00   2.219477e-04   2.688770e-05
  3.093390e+00   2.026551e-04   2.673574e-05
  3.098552e+00   2.284712e-04   2.668207e-05
  3.103714e+00   2.215352e-04   2.681441e-05
  3.108875e+00   1.998081e-04   2.653646e-05
  3.114037e+00   1.833132e-04   2.661263e-05
  3.119199e+00   1.724675e-04   2.682325e-05
  3.124361e+00   2.460466e-04   2.656274e-05
  3.129522e+00   1.550401e-04   2.652581e-05
  3.134684e+00   1.605773e-04   2.667440e-05
  3.139846e+00   1.938673e-04   2.635659e-05
  3.145008e+00   2.311568e-04   2.647706e-05
  3.150169e+00   2.086765e-04   2.642514e-05
  3.155331e+00   2.003102e-04   2.628478e-05
  3.160493e+00   1.849273e-04   2.629372e-05
  3.165655e+00   2.240146e-04   2.643735e-05
  3.170816e+00   2.022964e-04   2.616713e-05
  3.175978e+00   2.494854e-04   2.630483e-05
  3.181140e+00   2.602862e-04   2.626457e-05
  3.186302e+00   1.869134e-04   2.614500e-05
  3.191463e+00   2.401507e-04   2.620667e-05
  3.196625e+00   1.846044e-04   2.625436e-05
  3.201787e+00   2.348557e-04   2.614002e-05
  3.206949e+00   2.031169e-04   2.625489e-05
  3.212111e+00   2.226246e-04   2.633023e-05
  3.217272e+00   2.137608e-04   2.616875e-05
  3.222434e+00   2.107075e-04   2.626934e-05
  3.227596e+00   2.193114e-04   2.630214e-05
  3.232758e+00   2.428050e-04   2.617393e-05
  3.237919e+00   2.063899e-04   2.626099e-05
  3.243081e+00   2.039732e-04   2.620786e-05
  3.248243e+00   2.097032e-04   2.622628e-05
  3.253405e+00   1.990414e-04   2.629787e-05
  3.258566e+00   1.707279e-04   2.640207e-05
  3.263728e+00   2.619586e-04   2.614612e-05
  3.268890e+00   2.205846e-04   2.631216e-05
  3.274052e+00   2.140926e-04   2.630940e-05
  3.279213e+00   1.451002e-04   2.621333e-05
  3.284375e+00   2.154017e-04   2.629446e-05
  3.289537e+00   1.889848e-04   2.628231e-05
  3.294699e+00   2.376938e-04   2.617953e-05
  3.299860e+00   2.030855e-04   2.639250e-05
  3.305022e+00   1.750008e-04   2.637328e-05
  3.310184e+00   2.696882e-04   2.621061e-05
  3.315346e+00   2.337483e-04   2.636317e-05
  3.320507e+00   2.108465e-04   2.621211e-05
  3.325669e+00   2.169171e-04   2.628735e-05
  3.330831e+00   1.835284e-04   2.620237e-05
  3.335993e+00   2.030048e-04   2.626575e-05
  3.341154e+00   2.318428e-04   2.608744e-05
  3.346316e+00   2.147336e-04   2.629342e-05
  3.351478e+00   1.623527e-04   2.613163e-05
  3.356640e+00   1.869986e-04   2.617428e-05
  3.361801e+00   2.233017e-04   2.631293e-05
  3.366963e+00   1.587390e-04   2.611846e-05
  3.372125e+00   1.934459e-04   2.611237e-05
  3.377287e+00   1.928003e-04   2.623842e-05
  3.382448e+00   2.331834e-04   2.621313e-05
  3.387610e+00   1.900922e-04   2.621564e-05
  3.392772e+00   1.703558e-04   2.631908e-05
  3.397934e+00   2.283860e-04   2.622509e-05
  3.403095e+00   2.411909e-04   2.619392e-05
  3.408257e+00   2.012159e-04   2.650082e-05
  3.413419e+00   2.292603e-04   2.619872e-05
  3.418581e+00   2.209254e-04   2.617130e-05
  3.423743e+00   1.687910e-04   2.634226e-05
  3.428904e+00   1.406570e-04   2.618656e-05
  3.434066e+00   1.913567e-04   2.617079e-05
  3.439228e+00   2.431189e-04   2.643249e-05
  3.444390e+00   2.214186e-04   2.623682e-05
  3.449551e+00   1.892628e-04   2.616973e-05
  3.454713e+00   2.155587e-04   2.639512e-05
  3.459875e+00   1.608598e-04   2.623507e-05
  3.465037e+00   2.494451e-04   2.613192e-05
  3.470198e+00   2.076452e-04   2.636841e-05
  3.475360e+00   1.957684e-04   2.623707e-05
  3.480522e+00   1.859630e-04   2.616435e-05
  3.485684e+00   2.249247e-04   2.635037e-05
  3.490845e+00   1.580306e-04   2.615562e-05
  3.496007e+00   1.840799e-04   2.616532e-05
  3.501169e+00   1.638816e-04   2.644854e-05
  3.506331e+00   1.692439e-04   2.630443e-05
  3.511492e+00   2.358062e-04   2.614227e-05
  3.516654e+00   2.277090e-04   2.642053e-05
  3.521816e+00   2.015611e-04   2.621829e-05
  3.526978e+00   2.152089e-04   2.623000e-05
  3.532140e+00   1.911997e-04   2.638897e-05
  3.537301e+00   1.840843e-04   2.630161e-05
  3.542463e+00   1.802465e-04   2.621271e-05
  3.547625e+00   1.838198e-04   2.643519e-05
  3.552787e+00   2.481897e-04   2.632263e-05
  3.557948e+00   1.692394e-04   2.618766e-05
  3.563110e+00   2.000277e-04   2.643388e-05
  3.568272e+00   2.069279e-04   2.628300e-05
  3.573434e+00   2.019422e-04   2.610316e-05
  3.578595e+00   1.937149e-04   2.641988e-05
  3.583757e+00   1.767224e-04   2.619664e-05
  3.588919e+00   2.968225e-04   2.632672e-05
  3.594081e+00   1.976559e-04   2.634900e-05
  3.599242e+00   1.742610e-04   2.628229e-05
  3.604404e+00   2.204950e-04   2.613029e-05
  3.609566e+00   1.896484e-04   2.648120e-05
  3.614728e+00   2.149310e-04   2.618396e-05
  3.619889e+00   1.443155e-04   2.630204e-05
  3.625051e+00   2.438272e-04   2.635662e-05
  3.630213e+00   1.965216e-04   2.623085e-05
  3.635375e+00   1.563582e-04   2.630872e-05
  3.640537e+00   1.645945e-04   2.649957e-05
  3.645698e+00   1.408633e-04   2.621556e-05
  3.650860e+00   1.656974e-04   2.630630e-05
  3.656022e+00   2.094834e-04   2.643011e-05
  3.661184e+00   1.714812e-04   2.618345e-05
  3.666345e+00   1.827304e-04   2.640339e-05
  3.671507e+00   2.232613e-04   2.641487e-05
  3.676669e+00   1.624738e-04   2.622574e-05
  3.681831e+00   1.997587e-04   2.635604e-05
  3.686992e+00   1.251395e-04   2.635407e-05
  3.692154e+00   1.854473e-04   2.624654e-05
  3.697316e+00   1.178358e-04   2.635101e-05
  3.702478e+00   1.826182e-04   2.638089e-05
  3.707639e+00   1.724586e-04   2.632431e-05
  3.712801e+00   2.087437e-04   2.633606e-05
  3.717963e+00   1.538206e-04   2.636427e-05
  3.723125e+00   2.021216e-04   2.612449e-05
  3.728287e+00   1.736108e-04   2.645799e-05
  3.733448e+00   1.853263e-04   2.640560e-05
  3.738610e+00   1.681992e-04   2.626733e-05
  3.743772e+00   2.157514e-04   2.639381e-05
  3.748934e+00   2.158052e-04   2.682651e-05
  3.754095e+00   1.958671e-04   2.721140e-05
  3.759257e+00   1.862365e-04   2.765653e-05
  3.764419e+00   1.827662e-04   2.762143e-05
  3.769581e+00   2.071028e-04   2.802299e-05
  3.774742e+00   1.678316e-04   2.805966e-05
  3.779904e+00   2.045695e-04   2.805041e-05
  3.785066e+00   1.617653e-04   2.826018e-05
  3.790228e+00   1.468218e-04   2.849776e-05
  3.795389e+00   1.909845e-04   2.823612e-05
  3.800551e+00   1.986737e-04   2.845325e-05
  3.805713e+00   1.596133e-04   2.844311e-05
  3.810875e+00   1.568111e-04   2.841869e-05
  3.816036e+00   1.658812e-04   2.765538e-05
  3.821198e+00   1.594653e-04   2.765816e-05
  3.826360e+00   1.529956e-04   2.731355e-05
  3.831522e+00   1.946026e-04   2.711417e-05
  3.836684e+00   1.529373e-04   2.742922e-05
  3.841845e+00   1.905271e-04   2.716245e-05
  3.847007e+00   1.857343e-04   2.710703e-05
  3.852169e+00   1.629132e-04   2.722574e-05
  3.857331e+00   1.907244e-04   2.709776e-05
  3.862492e+00   2.210913e-04   2.696005e-05
  3.867654e+00   1.517537e-04   2.720051e-05
  3.872816e+00   1.491353e-04   2.714151e-05
  3.877978e+00   1.887383e-04   2.708977e-05
  3.883139e+00   1.669304e-04   2.734335e-05
  3.888301e+00   1.859585e-04   2.717135e-05
  3.893463e+00   1.729966e-04   2.697039e-05
  3.898625e+00   2.159846e-04   2.734704e-05
  3.903786e+00   1.920471e-04   2.702235e-05
  3.908948e+00   1.478396e-04   2.699368e-05
  3.914110e+00   1.623034e-04   2.719058e-05
  3.919272e+00   2.127295e-04   2.707080e-05
  3.924433e+00   1.997946e-04   2.690118e-05
  3.929595e+00   1.264174e-04   2.728182e-05
  3.934757e+00   1.765251e-04   2.713243e-05
  3.939919e+00   2.015163e-04   2.698498e-05
  3.945080e+00   1.888683e-04   2.726530e-05
  3.950242e+00   2.051614e-04   2.709898e-05
  3.955404e+00   1.610122e-04   2.703019e-05
  3.960566e+00   1.398410e-04   2.732793e-05
  3.965727e+00   1.425625e-04   2.716433e-05
  3.970889e+00   1.636306e-04   2.716616e-05
  3.976051e+00   1.640968e-04   2.743394e-05
  3.981213e+00   2.476248e-04   2.712344e-05
  3.986374e+00   1.813449e-04   2.721554e-05
  3.991536e+00   1.796995e-04   2.745168e-05
  3.996698e+00   1.968579e-04   2.715160e-05
  4.001860e+00   1.842861e-04   2.724203e-05
  4.007021e+00   1.408318e-04   2.741150e-05
  4.012183e+00   1.416702e-04   2.712431e-05
  4.017345e+00   1.780137e-04   2.741657e-05
  4.022507e+00   1.395899e-04   2.739128e-05
  4.027668e+00   1.868059e-04   2.729909e-05
  4.032830e+00   2.127071e-04   2.742421e-05
  4.037992e+00   1.889220e-04   2.744638e-05
  4.043154e+00   1.820937e-04   2.716314e-05
  4.048316e+00   1.812822e-04   2.738392e-05
  4.053477e+00   2.019467e-04   2.741788e-05
  4.058639e+00   1.896932e-04   2.735464e-05
  4.063801e+00   2.002967e-04   2.749616e-05
  4.068963e+00   1.402669e-04   2.736660e-05
  4.074124e+00   1.853532e-04   2.746936e-05
  4.079286e+00   1.454364e-04   2.756279e-05
  4.084448e+00   1.713691e-04   2.736223e-05
  4.089610e+00   1.343621e-04   2.746320e-05
  4.094771e+00   1.866624e-04   2.762400e-05
  4.099933e+00   1.740906e-04   2.738955e-05
  4.105095e+00   1.731849e-04   2.743818e-05
  4.110257e+00   1.822102e-04   2.761947e-05
  4.115418e+00   1.530001e-04   2.759437e-05
  4.120580e+00   1.729069e-04   2.754056e-05
  4.125742e+00   1.533992e-04   2.770854e-05
  4.130904e+00   2.025699e-04   2.748296e-05
  4.136065e+00   1.671053e-04   2.765744e-05
  4.141227e+00   1.580889e-04   2.774403e-05
  4.146389e+00   1.672802e-04   2.760791e-05
  4.151551e+00   1.391057e-04   2.762823e-05
  4.156713e+00   9.257125e-05   2.784241e-05
  4.161874e+00   1.431049e-04   2.760487e-05
  4.167036e+00   1.696878e-04   2.780936e-05
  4.172198e+00   1.761620e-04   2.792567e-05
  4.177360e+00   1.198669e-04   2.771017e-05
  4.182521e+00   1.472567e-04   2.776875e-05
  4.187683e+00   1.125722e-04   2.806064e-05
  4.192845e+00   1.799595e-04   2.769533e-05
  4.198007e+00   1.635229e-04   2.793177e-05
  4.203168e+00   1.762875e-04   2.801203e-05
  4.208330e+00   2.003371e-04   2.780150e-05
  4.213492e+00   1.365680e-04   2.792884e-05
  4.218654e+00   1.581068e-04   2.803382e-05
  4.223815e+00   1.295603e-04   2.780045e-05
  4.228977e+00   1.700733e-04   2.791272e-05
  4.234139e+00   1.566363e-04   2.810914e-05
  4.239301e+00   1.836315e-04   2.774004e-05
  4.244462e+00   1.555064e-04   2.796196e-05
  4.249624e+00   1.797039e-04   2.807001e-05
  4.254786e+00   1.687462e-04   2.777609e-05
  4.259948e+00   1.925179e-04   2.804753e-05
  4.265110e+00   1.071203e-04   2.815011e-05
  4.270271e+00   2.047220e-04   2.793311e-05
  4.275433e+00   1.213285e-04   2.878154e-05
  4.280595e+00   1.545694e-04   2.912935e-05
  4.285757e+00   1.874156e-04   2.958628e-05
  4.290918e+00   1.661996e-04   2.966336e-05
  4.296080e+00   1.783185e-04   2.986047e-05
  4.301242e+00   1.426118e-04   2.992280e-05
  4.306404e+00   1.829904e-04   2.995860e-05
  4.311565e+00   1.245253e-04   3.000877e-05
  4.316727e+00   1.704006e-04   3.023880e-05
  4.321889e+00   1.353933e-04   3.034576e-05
  4.327051e+00   1.841830e-04   3.040522e-05
  4.332212e+00   1.402580e-04   3.044227e-05
  4.337374e+00   1.555647e-04   3.062517e-05
  4.342536e+00   1.680827e-04   3.060155e-05
  4.347698e+00   1.517043e-04   3.074984e-05
  4.352859e+00   1.355368e-04   3.086228e-05
  4.358021e+00   1.391281e-04   3.104104e-05
  4.363183e+00   1.844385e-04   3.110066e-05
  4.368345e+00   1.325732e-04   3.116604e-05
  4.373507e+00   1.259555e-04   3.129150e-05
  4.378668e+00   1.871959e-04   3.121055e-05
  4.383830e+00   1.533453e-04   3.130599e-05
  4.388992e+00   1.639354e-04   3.131346e-05
  4.394154e+00   1.140921e-04   3.153764e-05
  4.399315e+00   1.516998e-04   3.142288e-05
  4.404477e+00   1.486018e-04   3.176869e-05
  4.409639e+00   1.295244e-04   3.168539e-05
  4.414801e+00   1.553271e-04   3.183312e-05
  4.419962e+00   1.641730e-04   3.200574e-05
  4.425124e+00   1.456068e-04   3.201427e-05
  4.430286e+00   1.099717e-04   3.205464e-05
  4.435448e+00   1.844116e-04   3.195229e-05
  4.440609e+00   2.009603e-04   3.216949e-05
  4.445771e+00   1.841157e-04   3.231239e-05
  4.450933e+00   9.371898e-05   3.240199e-05
  4.456095e+00   1.572504e-04   3.242444e-05
  4.461257e+00   1.348239e-04   3.245974e-05
  4.466418e+00   1.332323e-04   3.254461e-05
  4.471580e+00   1.482610e-04   3.266860e-05
  4.476742e+00   1.400427e-04   3.261933e-05
  4.481904e+00   1.752025e-04   3.268458e-05
  4.487065e+00   1.915359e-04   3.250526e-05
  4.492227e+00   1.293137e-04   3.264228e-05
  4.497389e+00   6.013296e-05   3.259404e-05
  4.502551e+00   1.551791e-04   3.272593e-05
  4.507712e+00   1.170243e-04   3.265598e-05
  4.512874e+00   1.115545e-04   3.273271e-05
  4.518036e+00   2.006599e-04   3.285470e-05
  4.523198e+00   1.784979e-04   3.268577e-05
  4.528359e+00   1.837257e-04   3.276703e-05
  4.533521e+00   1.931724e-04   3.268082e-05
  4.538683e+00   1.875860e-04   3.276946e-05
  4.543845e+00   1.818336e-04   3.279332e-05
  4.549006e+00   1.955577e-04   3.282754e-05
  4.554168e+00   1.053672e-04   3.260896e-05
  4.559330e+00   1.552777e-04   3.273494e-05
  4.564492e+00   1.487004e-04   3.280963e-05
  4.569654e+00   1.431408e-04   3.285534e-05
  4.574815e+00   1.882854e-04   3.267699e-05
  4.579977e+00   1.297441e-04   3.281804e-05
  4.585139e+00   1.637381e-04   3.269305e-05
  4.590301e+00   1.506373e-04   3.283625e-05
  4.595462e+00   1.274530e-04   3.271667e-05
  4.600624e+00   1.512247e-04   3.296590e-05
  4.605786e+00   1.607207e-04   3.297486e-05
  4.610948e+00   1.327256e-04   3.307016e-05
  4.616109e+00   1.380565e-04   3.325249e-05
  4.621271e+00   1.814525e-04   3.316576e-05
  4.626433e+00   1.140473e-04   3.321409e-05
  4.631595e+00   1.427194e-04   3.341100e-05
  4.636756e+00   1.215348e-04   3.345155e-05
  4.641918e+00   2.030630e-04   3.356532e-05
  4.647080e+00   1.131147e-04   3.363424e-05
  4.652242e+00   1.271661e-04   3.377183e-05
  4.657403e+00   1.568828e-04   3.374665e-05
  4.662565e+00   1.601334e-04   3.414074e-05
  4.667727e+00   1.998394e-04   3.416205e-05
  4.672889e+00   1.195665e-04   3.398034e-05
  4.678051e+00   1.379624e-04   3.418048e-05
  4.683212e+00   1.939077e-04   3.429205e-05
  4.688374e+00   1.232609e-04   3.456875e-05
  4.693536e+00   1.305018e-04   3.455836e-05
  4.698698e+00   1.410067e-04   3.464676e-05
  4.703859e+00   1.404911e-04   3.478287e-05
  4.709021e+00   1.748079e-04   3.503079e-05
  4.714183e+00   1.369088e-04   3.503942e-05
  4.719345e+00   1.251709e-04   3.516943e-05
  4.724506e+00   1.506866e-04   3.530151e-05
  4.729668e+00   1.256821e-04   3.529705e-05
  4.734830e+00   1.457413e-04   3.548137e-05
  4.739992e+00   1.925044e-04   3.550204e-05
  4.745153e+00   1.910742e-04   3.565177e-05
  4.750315e+00   1.064343e-04   3.594150e-05
  4.755477e+00   1.019283e-04   3.582619e-05
  4.760639e+00   1.522603e-04   3.614354e-05
  4.765800e+00   1.523051e-04   3.638617e-05
  4.770962e+00   1.264576e-04   3.613835e-05
  4.776124e+00   1.895857e-04   3.639342e-05
  4.781286e+00   1.823941e-04   3.643130e-05
  4.786448e+00   8.930271e-05   3.647106e-05
  4.791609e+00   1.557799e-04   3.676445e-05
  4.796771e+00   2.086944e-04   3.691035e-05
  4.801933e+00   1.478575e-04   3.692449e-05
  4.807095e+00   1.193019e-04   3.716334e-05
  4.812256e+00   9.094368e-05   3.712816e-05
  4.817418e+00   1.508300e-04   3.748220e-05
  4.822580e+00   1.563806e-04   3.739841e-05
  4.827742e+00   2.414196e-04   3.752476e-05
  4.832903e+00   1.392626e-04   3.755321e-05
  4.838065e+00   1.567035e-04   3.761511e-05
  4.843227e+00   2.160160e-04   3.795808e-05
  4.848388e+00   9.787073e-05   3.798000e-05
  4.853550e+00   1.958984e-04   3.820666e-05
  4.858712e+00   1.608463e-04   3.818814e-05
  4.863873e+00   1.647290e-04   3.843330e-05
  4.869035e+00   2.033949e-04   3.854906e-05
  4.874197e+00   1.702347e-04   3.843959e-05
  4.879359e+00   9.457538e-05   3.855991e-05
  4.884521e+00   1.932979e-04   3.866844e-05
  4.889682e+00   1.351737e-04   3.872010e-05
  4.894844e+00   1.043629e-04   3.862954e-05
  4.900006e+00   1.903210e-04   3.895199e-05
  4.905168e+00   1.460776e-04   3.902952e-05
  4.910329e+00   1.400158e-04   3.920692e-05
  4.915491e+00   6.201156e-05   3.983792e-05
  4.920653e+00   2.434417e-04   3.947168e-05
  4.925815e+00   8.977348e-05   3.984981e-05
  4.930976e+00   1.764489e-04   4.002435e-05
  4.936138e+00   1.746196e-04   3.999776e-05
  4.941300e+00   1.592591e-04   4.043862e-05
  4.946462e+00   1.215213e-04   4.073430e-05
  4.951623e+00   2.048206e-04   4.085469e-05
  4.956785e+00   1.832728e-04   4.106946e-05
  4.961947e+00   1.541882e-04   4.116474e-05
  4.967109e+00   1.337523e-04   4.177211e-05
  4.972270e+00   1.267625e-04   4.146119e-05
  4.977432e+00   1.437641e-04   4.178995e-05
  4.982594e+00   1.113482e-04   4.186065e-05
  4.987756e+00   1.708714e-04   4.231259e-05
  4.992918e+00   1.246553e-04   4.232694e-05
  4.998079e+00   1.701855e-04   4.253899e-05
  5.003241e+00   1.720551e-04   4.296874e-05
  5.008403e+00   1.282645e-04   4.302223e-05
  5.013565e+00   1.531525e-04   4.332011e-05
  5.018726e+00   1.346042e-04   4.381125e-05
  5.023888e+00   8.950005e-05   4.360406e-05
  5.029050e+00   8.874229e-05   4.377176e-05
  5.034212e+00   1.525114e-04   4.396293e-05
  5.039373e+00   8.581009e-05   4.424522e-05
  5.044535e+00   1.187909e-04   4.440286e-05
  5.049697e+00   1.160290e-04   4.406657e-05
  5.054859e+00   1.115813e-04   4.460119e-05
  5.060020e+00   1.397244e-04   4.518885e-05
  5.065182e+00   1.472433e-04   4.584278e-05
  5.070344e+00   1.071023e-04   4.638806e-05
  5.075506e+00   1.858957e-04   4.663340e-05
  5.080667e+00   1.484314e-04   4.714927e-05
  5.085829e+00   1.319186e-04   4.741438e-05
  5.090991e+00   1.554257e-04   4.807777e-05
  5.096153e+00   2.491268e-04   4.844949e-05
  5.101315e+00   1.760365e-04   4.881889e-05
  5.106476e+00   8.207085e-05   4.963077e-05
  5.111638e+00   1.894870e-04   5.022762e-05
  5.116800e+00   2.197552e-04   5.134827e-05
  5.121962e+00   1.651773e-04   5.139728e-05
  5.127123e+00   1.734853e-04   5.183231e-05
  5.132285e+00   3.504319e-05   5.250636e-05
  5.137447e+00   1.919081e-04   5.303793e-05
  5.142609e+00   1.642986e-04   5.443047e-05
  5.147770e+00   6.762044e-05   5.553395e-05
  5.152932e+00   3.606095e-05   5.634901e-05
  5.158094e+00   5.385155e-05   5.761210e-05
  5.163256e+00   1.727545e-04   5.846953e-05
  5.168417e+00   1.967234e-04   6.114682e-05
  5.173579e+00   8.051952e-05   6.416252e-05
  5.178741e+00   1.643748e-04   6.449476e-05
  5.183903e+00   9.311819e-05   6.589639e-05
  5.189065e+00   1.608866e-04   6.615428e-05
  5.194226e+00   1.974542e-04   7.070627e-05
  5.199388e+00   1.669304e-04   7.397946e-05
  5.204550e+00   4.618025e-05   7.818550e-05
  5.209712e+00   9.940408e-05   1.122105e-04
range-from: 1
range-to: 1000
Buffer: NaP
Code: TipAS_NaP
Concentration: 1.79
Measurement Temperature (degrees C): 20.0
Storage Temperature (degrees C): 20.0
datop-operation: /media/alessandra/TOSHIBA_EXT/Post-Doc/DAbramo/TipAS/20230120_BM29/TipAStrend_20degBack_sc/sub_001.dat DIV 1.79
range-from: 1
range-to: 1000
parent: TipAS_NaP_20degBACK_1-2_ave_sub.dat
creator: datop
creator-version: v0.4 (r12314)
datop-operation: TipAS_NaP_20degBACK_1-2_ave_sub.dat MUL 0.00080255
