Sample description: Sample c= 1.79 mg/ml
Sample: Sample c= 1.79   c= 1.79 mg/ml  Code: TipAS_NaP
Parent(s): TipAS_NaP_15deg_1-2_ave_sub.dat
  5.311318e-02   2.701728e-02   1.221866e-03
  5.827494e-02   2.849524e-02   8.142993e-04
  6.343670e-02   2.907338e-02   6.250743e-04
  6.859846e-02   2.808289e-02   5.080388e-04
  7.376022e-02   2.912378e-02   4.434456e-04
  7.892198e-02   2.826272e-02   3.906915e-04
  8.408374e-02   2.789027e-02   3.455027e-04
  8.924550e-02   2.809781e-02   3.018243e-04
  9.440726e-02   2.788161e-02   2.758701e-04
  9.956902e-02   2.825756e-02   2.557910e-04
  1.047308e-01   2.734947e-02   2.317491e-04
  1.098925e-01   2.749271e-02   2.136472e-04
  1.150543e-01   2.742735e-02   1.999297e-04
  1.202161e-01   2.687370e-02   1.870995e-04
  1.253778e-01   2.704390e-02   1.789975e-04
  1.305396e-01   2.676659e-02   1.687158e-04
  1.357013e-01   2.681626e-02   1.591061e-04
  1.408631e-01   2.664834e-02   1.535867e-04
  1.460249e-01   2.644030e-02   1.441715e-04
  1.511866e-01   2.633110e-02   1.411861e-04
  1.563484e-01   2.610578e-02   1.350640e-04
  1.615101e-01   2.594103e-02   1.294524e-04
  1.666719e-01   2.568854e-02   1.267851e-04
  1.718337e-01   2.553697e-02   1.229755e-04
  1.769954e-01   2.527626e-02   1.174928e-04
  1.821572e-01   2.524016e-02   1.153422e-04
  1.873190e-01   2.496836e-02   1.123737e-04
  1.924807e-01   2.492633e-02   1.095625e-04
  1.976425e-01   2.476733e-02   1.075584e-04
  2.028042e-01   2.451313e-02   1.052612e-04
  2.079660e-01   2.444655e-02   1.016863e-04
  2.131277e-01   2.425163e-02   1.008497e-04
  2.182895e-01   2.396361e-02   9.938418e-05
  2.234513e-01   2.392383e-02   9.694314e-05
  2.286130e-01   2.357351e-02   9.592824e-05
  2.337748e-01   2.334695e-02   9.397548e-05
  2.389365e-01   2.331652e-02   9.133075e-05
  2.440983e-01   2.294088e-02   9.054233e-05
  2.492601e-01   2.278965e-02   8.973689e-05
  2.544218e-01   2.272277e-02   8.735002e-05
  2.595836e-01   2.253597e-02   8.681480e-05
  2.647454e-01   2.240818e-02   8.538923e-05
  2.699071e-01   2.211414e-02   8.307203e-05
  2.750689e-01   2.204553e-02   8.345669e-05
  2.802306e-01   2.188051e-02   8.190737e-05
  2.853924e-01   2.162413e-02   8.005369e-05
  2.905541e-01   2.146350e-02   8.039737e-05
  2.957159e-01   2.120719e-02   8.151821e-05
  3.008777e-01   2.094313e-02   8.129647e-05
  3.060394e-01   2.092364e-02   8.202157e-05
  3.112012e-01   2.057509e-02   8.047987e-05
  3.163629e-01   2.044595e-02   7.996451e-05
  3.215247e-01   2.023204e-02   8.016959e-05
  3.266865e-01   2.001061e-02   7.947568e-05
  3.318482e-01   1.995398e-02   7.890761e-05
  3.370100e-01   1.966760e-02   7.817505e-05
  3.421718e-01   1.962525e-02   7.837031e-05
  3.473335e-01   1.936640e-02   7.804494e-05
  3.524953e-01   1.910378e-02   7.761716e-05
  3.576570e-01   1.890581e-02   7.491755e-05
  3.628188e-01   1.863505e-02   7.210737e-05
  3.679805e-01   1.858086e-02   7.222120e-05
  3.731423e-01   1.833396e-02   7.089247e-05
  3.783041e-01   1.832994e-02   6.916035e-05
  3.834658e-01   1.798969e-02   6.878077e-05
  3.886276e-01   1.792404e-02   6.801033e-05
  3.937894e-01   1.777708e-02   6.683964e-05
  3.989511e-01   1.743097e-02   6.655108e-05
  4.041129e-01   1.726345e-02   6.594656e-05
  4.092746e-01   1.706110e-02   6.409496e-05
  4.144364e-01   1.698886e-02   6.411437e-05
  4.195982e-01   1.674395e-02   6.368153e-05
  4.247599e-01   1.666619e-02   6.238441e-05
  4.299217e-01   1.640234e-02   6.231523e-05
  4.350834e-01   1.637379e-02   6.150761e-05
  4.402452e-01   1.617492e-02   6.035467e-05
  4.454069e-01   1.589360e-02   6.024855e-05
  4.505687e-01   1.582491e-02   6.008916e-05
  4.557305e-01   1.561883e-02   5.839883e-05
  4.608922e-01   1.539748e-02   5.869953e-05
  4.660540e-01   1.524193e-02   5.810875e-05
  4.712158e-01   1.520094e-02   5.876446e-05
  4.763775e-01   1.498045e-02   5.930051e-05
  4.815393e-01   1.470603e-02   5.917004e-05
  4.867010e-01   1.461745e-02   5.869577e-05
  4.918628e-01   1.451030e-02   5.916735e-05
  4.970246e-01   1.432497e-02   5.877930e-05
  5.021863e-01   1.414397e-02   5.848630e-05
  5.073481e-01   1.400884e-02   5.840748e-05
  5.125098e-01   1.394634e-02   5.835937e-05
  5.176716e-01   1.375554e-02   5.812672e-05
  5.228333e-01   1.353076e-02   5.804548e-05
  5.279951e-01   1.348079e-02   5.809919e-05
  5.331569e-01   1.321566e-02   5.668182e-05
  5.383186e-01   1.315132e-02   5.614492e-05
  5.434804e-01   1.300377e-02   5.539491e-05
  5.486422e-01   1.287147e-02   5.400910e-05
  5.538039e-01   1.263670e-02   5.368629e-05
  5.589657e-01   1.256723e-02   5.332156e-05
  5.641274e-01   1.242079e-02   5.226479e-05
  5.692892e-01   1.229044e-02   5.238195e-05
  5.744510e-01   1.211940e-02   5.219678e-05
  5.796127e-01   1.194897e-02   5.093350e-05
  5.847745e-01   1.183812e-02   5.078971e-05
  5.899363e-01   1.164687e-02   5.068977e-05
  5.950980e-01   1.164924e-02   4.980800e-05
  6.002598e-01   1.143066e-02   4.966578e-05
  6.054215e-01   1.141577e-02   4.953460e-05
  6.105833e-01   1.130255e-02   4.870882e-05
  6.157451e-01   1.102363e-02   4.863229e-05
  6.209068e-01   1.089563e-02   4.832346e-05
  6.260686e-01   1.083124e-02   4.747132e-05
  6.312303e-01   1.067509e-02   4.757646e-05
  6.363921e-01   1.060744e-02   4.755638e-05
  6.415538e-01   1.047651e-02   4.640079e-05
  6.467156e-01   1.029747e-02   4.656978e-05
  6.518773e-01   1.024860e-02   4.642644e-05
  6.570391e-01   1.009633e-02   4.574185e-05
  6.622009e-01   1.000972e-02   4.650477e-05
  6.673626e-01   9.904783e-03   4.690573e-05
  6.725244e-01   9.885883e-03   4.636645e-05
  6.776862e-01   9.659588e-03   4.662394e-05
  6.828479e-01   9.528901e-03   4.718160e-05
  6.880097e-01   9.430942e-03   4.582207e-05
  6.931714e-01   9.404642e-03   4.538968e-05
  6.983332e-01   9.240842e-03   4.507170e-05
  7.034950e-01   9.130531e-03   4.395908e-05
  7.086567e-01   9.003953e-03   4.440206e-05
  7.138185e-01   8.921876e-03   4.399129e-05
  7.189803e-01   8.810996e-03   4.305945e-05
  7.241420e-01   8.705228e-03   4.318090e-05
  7.293038e-01   8.647308e-03   4.299322e-05
  7.344655e-01   8.560769e-03   4.210075e-05
  7.396273e-01   8.487897e-03   4.211859e-05
  7.447891e-01   8.326665e-03   4.189394e-05
  7.499508e-01   8.174911e-03   4.130641e-05
  7.551126e-01   8.170577e-03   4.152754e-05
  7.602744e-01   8.026166e-03   4.130133e-05
  7.654361e-01   7.942626e-03   4.069721e-05
  7.705979e-01   7.874257e-03   4.087505e-05
  7.757596e-01   7.792017e-03   4.077914e-05
  7.809214e-01   7.691057e-03   4.028068e-05
  7.860831e-01   7.589491e-03   4.019096e-05
  7.912449e-01   7.550036e-03   4.000961e-05
  7.964066e-01   7.401690e-03   3.949396e-05
  8.015684e-01   7.277465e-03   3.968341e-05
  8.067302e-01   7.288168e-03   3.948057e-05
  8.118919e-01   7.191718e-03   3.883443e-05
  8.170537e-01   7.135750e-03   3.889632e-05
  8.222154e-01   6.958266e-03   3.841935e-05
  8.273772e-01   6.928279e-03   3.820699e-05
  8.325390e-01   6.830449e-03   3.814555e-05
  8.377007e-01   6.756363e-03   3.811526e-05
  8.428625e-01   6.604027e-03   3.756173e-05
  8.480242e-01   6.634609e-03   3.747676e-05
  8.531860e-01   6.468952e-03   3.753760e-05
  8.583478e-01   6.441679e-03   3.719026e-05
  8.635095e-01   6.338136e-03   3.713052e-05
  8.686713e-01   6.288190e-03   3.701679e-05
  8.738331e-01   6.207684e-03   3.663768e-05
  8.789948e-01   6.193812e-03   3.674457e-05
  8.841566e-01   6.036710e-03   3.660891e-05
  8.893183e-01   6.029110e-03   3.628509e-05
  8.944801e-01   5.944039e-03   3.612271e-05
  8.996419e-01   5.962951e-03   3.610981e-05
  9.048036e-01   5.872177e-03   3.566161e-05
  9.099654e-01   5.752499e-03   3.579119e-05
  9.151272e-01   5.694733e-03   3.557048e-05
  9.202889e-01   5.596123e-03   3.511850e-05
  9.254507e-01   5.491576e-03   3.537043e-05
  9.306124e-01   5.512429e-03   3.510708e-05
  9.357742e-01   5.412254e-03   3.485008e-05
  9.409359e-01   5.286756e-03   3.465234e-05
  9.460977e-01   5.325704e-03   3.470469e-05
  9.512594e-01   5.191019e-03   3.444577e-05
  9.564212e-01   5.175636e-03   3.439217e-05
  9.615830e-01   5.040539e-03   3.428362e-05
  9.667447e-01   5.121318e-03   3.385803e-05
  9.719065e-01   4.998775e-03   3.391464e-05
  9.770682e-01   4.918461e-03   3.382233e-05
  9.822300e-01   4.831365e-03   3.375439e-05
  9.873918e-01   4.734561e-03   3.421765e-05
  9.925535e-01   4.718025e-03   3.428230e-05
  9.977153e-01   4.707521e-03   3.431249e-05
  1.002877e+00   4.668662e-03   3.448542e-05
  1.008039e+00   4.543034e-03   3.457072e-05
  1.013201e+00   4.534784e-03   3.457897e-05
  1.018362e+00   4.475274e-03   3.472080e-05
  1.023524e+00   4.471602e-03   3.497733e-05
  1.028686e+00   4.350655e-03   3.453088e-05
  1.033848e+00   4.291871e-03   3.461584e-05
  1.039009e+00   4.281613e-03   3.458543e-05
  1.044171e+00   4.222982e-03   3.431083e-05
  1.049333e+00   4.207083e-03   3.434097e-05
  1.054495e+00   4.142494e-03   3.452411e-05
  1.059656e+00   4.063966e-03   3.432199e-05
  1.064818e+00   4.045538e-03   3.434567e-05
  1.069980e+00   3.971757e-03   3.449366e-05
  1.075142e+00   3.873313e-03   3.400046e-05
  1.080303e+00   3.861221e-03   3.420890e-05
  1.085465e+00   3.768411e-03   3.432652e-05
  1.090627e+00   3.761233e-03   3.389966e-05
  1.095789e+00   3.761014e-03   3.405479e-05
  1.100950e+00   3.752311e-03   3.424242e-05
  1.106112e+00   3.625598e-03   3.375424e-05
  1.111274e+00   3.677648e-03   3.442480e-05
  1.116436e+00   3.563865e-03   3.475462e-05
  1.121598e+00   3.490801e-03   3.487182e-05
  1.126759e+00   3.514990e-03   3.512384e-05
  1.131921e+00   3.420199e-03   3.539103e-05
  1.137083e+00   3.407901e-03   3.527601e-05
  1.142245e+00   3.370764e-03   3.515526e-05
  1.147406e+00   3.300247e-03   3.542271e-05
  1.152568e+00   3.260868e-03   3.536338e-05
  1.157730e+00   3.296669e-03   3.549333e-05
  1.162892e+00   3.258263e-03   3.532540e-05
  1.168053e+00   3.143611e-03   3.521366e-05
  1.173215e+00   3.134164e-03   3.531433e-05
  1.178377e+00   3.083917e-03   3.465262e-05
  1.183539e+00   3.027160e-03   3.412173e-05
  1.188700e+00   2.987261e-03   3.465315e-05
  1.193862e+00   2.949214e-03   3.451799e-05
  1.199024e+00   2.953828e-03   3.413368e-05
  1.204186e+00   2.872363e-03   3.473464e-05
  1.209347e+00   2.897797e-03   3.452577e-05
  1.214509e+00   2.836458e-03   3.426372e-05
  1.219671e+00   2.808064e-03   3.449187e-05
  1.224833e+00   2.784620e-03   3.434411e-05
  1.229995e+00   2.740681e-03   3.405056e-05
  1.235156e+00   2.698146e-03   3.455792e-05
  1.240318e+00   2.698742e-03   3.424660e-05
  1.245480e+00   2.685516e-03   3.414906e-05
  1.250642e+00   2.625706e-03   3.426948e-05
  1.255803e+00   2.576324e-03   3.416279e-05
  1.260965e+00   2.468070e-03   3.395318e-05
  1.266127e+00   2.443912e-03   3.427419e-05
  1.271289e+00   2.512160e-03   3.401474e-05
  1.276450e+00   2.492106e-03   3.379774e-05
  1.281612e+00   2.413904e-03   3.402945e-05
  1.286774e+00   2.398719e-03   3.383039e-05
  1.291936e+00   2.347974e-03   3.449227e-05
  1.297097e+00   2.333134e-03   3.477863e-05
  1.302259e+00   2.331470e-03   3.465333e-05
  1.307421e+00   2.305242e-03   3.509277e-05
  1.312583e+00   2.235483e-03   3.529470e-05
  1.317744e+00   2.216813e-03   3.513530e-05
  1.322906e+00   2.166289e-03   3.533764e-05
  1.328068e+00   2.123803e-03   3.583311e-05
  1.333230e+00   2.070853e-03   3.549769e-05
  1.338391e+00   2.152372e-03   3.604458e-05
  1.343553e+00   2.137128e-03   3.598736e-05
  1.348715e+00   2.071951e-03   3.586358e-05
  1.353877e+00   1.972726e-03   3.599237e-05
  1.359038e+00   1.974533e-03   3.545969e-05
  1.364200e+00   1.974385e-03   3.515621e-05
  1.369362e+00   2.003236e-03   3.471997e-05
  1.374524e+00   1.954523e-03   3.491722e-05
  1.379686e+00   1.946816e-03   3.481740e-05
  1.384847e+00   1.869139e-03   3.444069e-05
  1.390009e+00   1.867529e-03   3.462505e-05
  1.395171e+00   1.870309e-03   3.416853e-05
  1.400333e+00   1.812198e-03   3.422803e-05
  1.405494e+00   1.811745e-03   3.427197e-05
  1.410656e+00   1.845013e-03   3.408099e-05
  1.415818e+00   1.773783e-03   3.381326e-05
  1.420980e+00   1.769672e-03   3.416638e-05
  1.426141e+00   1.738198e-03   3.394921e-05
  1.431303e+00   1.766677e-03   3.375898e-05
  1.436465e+00   1.660767e-03   3.385807e-05
  1.441627e+00   1.654787e-03   3.363614e-05
  1.446788e+00   1.692816e-03   3.349995e-05
  1.451950e+00   1.600087e-03   3.372309e-05
  1.457112e+00   1.580862e-03   3.336492e-05
  1.462274e+00   1.557140e-03   3.322600e-05
  1.467435e+00   1.562731e-03   3.340475e-05
  1.472597e+00   1.532799e-03   3.343861e-05
  1.477759e+00   1.566510e-03   3.306210e-05
  1.482921e+00   1.492810e-03   3.322998e-05
  1.488083e+00   1.486108e-03   3.300388e-05
  1.493244e+00   1.502207e-03   3.297413e-05
  1.498406e+00   1.467110e-03   3.318706e-05
  1.503568e+00   1.437336e-03   3.286697e-05
  1.508730e+00   1.415084e-03   3.280635e-05
  1.513891e+00   1.450315e-03   3.309249e-05
  1.519053e+00   1.351028e-03   3.294848e-05
  1.524215e+00   1.336717e-03   3.282788e-05
  1.529377e+00   1.385184e-03   3.281900e-05
  1.534538e+00   1.352997e-03   3.280085e-05
  1.539700e+00   1.297593e-03   3.255707e-05
  1.544862e+00   1.328996e-03   3.282677e-05
  1.550024e+00   1.330695e-03   3.259289e-05
  1.555185e+00   1.264178e-03   3.249996e-05
  1.560347e+00   1.274315e-03   3.274983e-05
  1.565509e+00   1.265823e-03   3.264415e-05
  1.570671e+00   1.233089e-03   3.224871e-05
  1.575832e+00   1.155816e-03   3.252002e-05
  1.580994e+00   1.212998e-03   3.244842e-05
  1.586156e+00   1.212608e-03   3.226092e-05
  1.591318e+00   1.204090e-03   3.235462e-05
  1.596480e+00   1.177431e-03   3.223587e-05
  1.601641e+00   1.132904e-03   3.206807e-05
  1.606803e+00   1.083084e-03   3.231428e-05
  1.611965e+00   1.080080e-03   3.210360e-05
  1.617127e+00   1.143943e-03   3.202798e-05
  1.622288e+00   1.088034e-03   3.210214e-05
  1.627450e+00   1.055734e-03   3.205045e-05
  1.632612e+00   1.040419e-03   3.183485e-05
  1.637774e+00   1.055429e-03   3.210239e-05
  1.642935e+00   1.022736e-03   3.183346e-05
  1.648097e+00   1.049471e-03   3.184462e-05
  1.653259e+00   1.013325e-03   3.194073e-05
  1.658421e+00   1.000950e-03   3.189950e-05
  1.663582e+00   1.052811e-03   3.164275e-05
  1.668744e+00   9.391135e-04   3.184609e-05
  1.673906e+00   9.634950e-04   3.169243e-05
  1.679068e+00   9.537705e-04   3.144136e-05
  1.684229e+00   9.884904e-04   3.170036e-05
  1.689391e+00   9.888090e-04   3.162612e-05
  1.694553e+00   8.996273e-04   3.144807e-05
  1.699715e+00   9.073927e-04   3.188580e-05
  1.704876e+00   9.158572e-04   3.132446e-05
  1.710038e+00   8.665389e-04   3.136436e-05
  1.715200e+00   8.509044e-04   3.139868e-05
  1.720362e+00   8.888442e-04   3.137735e-05
  1.725523e+00   8.666689e-04   3.120099e-05
  1.730685e+00   7.946231e-04   3.132844e-05
  1.735847e+00   8.216764e-04   3.123228e-05
  1.741009e+00   8.184846e-04   3.105378e-05
  1.746171e+00   8.499590e-04   3.152727e-05
  1.751332e+00   7.934574e-04   3.109167e-05
  1.756494e+00   8.108131e-04   3.089663e-05
  1.761656e+00   7.725597e-04   3.109700e-05
  1.766818e+00   7.731112e-04   3.091939e-05
  1.771979e+00   8.061502e-04   3.083725e-05
  1.777141e+00   7.852750e-04   3.097191e-05
  1.782303e+00   7.552937e-04   3.083513e-05
  1.787465e+00   7.549843e-04   3.058823e-05
  1.792626e+00   7.407671e-04   3.091273e-05
  1.797788e+00   6.429053e-04   3.055719e-05
  1.802950e+00   7.466046e-04   3.033117e-05
  1.808112e+00   6.912691e-04   3.067975e-05
  1.813273e+00   6.704073e-04   3.045201e-05
  1.818435e+00   7.028231e-04   3.037117e-05
  1.823597e+00   6.970977e-04   3.057737e-05
  1.828759e+00   6.824903e-04   3.042057e-05
  1.833920e+00   6.479896e-04   3.034523e-05
  1.839082e+00   6.327860e-04   3.049444e-05
  1.844244e+00   6.386146e-04   3.035844e-05
  1.849406e+00   6.517334e-04   3.011488e-05
  1.854568e+00   5.681560e-04   3.042189e-05
  1.859729e+00   5.981553e-04   3.031093e-05
  1.864891e+00   6.207523e-04   3.007228e-05
  1.870053e+00   6.011099e-04   3.039221e-05
  1.875215e+00   6.232496e-04   3.018354e-05
  1.880376e+00   6.051631e-04   3.010363e-05
  1.885538e+00   5.976173e-04   3.034246e-05
  1.890700e+00   6.144843e-04   3.010648e-05
  1.895862e+00   6.126729e-04   2.997482e-05
  1.901023e+00   5.671293e-04   3.017379e-05
  1.906185e+00   5.454381e-04   3.009839e-05
  1.911347e+00   5.360138e-04   2.983937e-05
  1.916509e+00   5.132420e-04   3.016390e-05
  1.921670e+00   5.140714e-04   2.989220e-05
  1.926832e+00   5.190840e-04   3.002641e-05
  1.931994e+00   5.265804e-04   3.004805e-05
  1.937156e+00   5.016879e-04   2.979793e-05
  1.942317e+00   5.050057e-04   2.972349e-05
  1.947479e+00   5.395826e-04   2.995560e-05
  1.952641e+00   5.263607e-04   2.981722e-05
  1.957803e+00   5.324673e-04   2.973907e-05
  1.962964e+00   4.681288e-04   2.988622e-05
  1.968126e+00   5.157975e-04   2.978822e-05
  1.973288e+00   5.002890e-04   2.969872e-05
  1.978450e+00   4.803463e-04   2.984971e-05
  1.983611e+00   4.795573e-04   2.970359e-05
  1.988773e+00   5.000649e-04   2.957753e-05
  1.993935e+00   4.952810e-04   2.973489e-05
  1.999097e+00   4.404699e-04   2.955910e-05
  2.004259e+00   4.955679e-04   2.956588e-05
  2.009420e+00   5.302883e-04   2.975691e-05
  2.014582e+00   4.420526e-04   2.965103e-05
  2.019744e+00   4.727243e-04   2.950585e-05
  2.024906e+00   4.657884e-04   2.959561e-05
  2.030067e+00   4.333142e-04   2.951991e-05
  2.035229e+00   4.296557e-04   2.934705e-05
  2.040391e+00   4.481727e-04   2.960446e-05
  2.045553e+00   4.250646e-04   2.940327e-05
  2.050714e+00   4.374256e-04   2.933535e-05
  2.055876e+00   4.195095e-04   2.954346e-05
  2.061038e+00   3.581615e-04   2.930498e-05
  2.066200e+00   4.589017e-04   2.941213e-05
  2.071362e+00   3.652185e-04   2.944383e-05
  2.076523e+00   3.978720e-04   2.926232e-05
  2.081685e+00   3.752347e-04   2.923085e-05
  2.086847e+00   4.111477e-04   2.936347e-05
  2.092008e+00   4.230066e-04   2.924967e-05
  2.097170e+00   3.303816e-04   2.916630e-05
  2.102332e+00   4.594531e-04   2.934638e-05
  2.107494e+00   4.307138e-04   2.927015e-05
  2.112655e+00   4.198099e-04   2.992181e-05
  2.117817e+00   3.141512e-04   3.022748e-05
  2.122979e+00   4.352556e-04   3.026093e-05
  2.128141e+00   3.882997e-04   3.053177e-05
  2.133302e+00   3.514362e-04   3.079222e-05
  2.138464e+00   3.459798e-04   3.077888e-05
  2.143626e+00   3.895058e-04   3.120326e-05
  2.148788e+00   3.619456e-04   3.125862e-05
  2.153949e+00   3.444106e-04   3.125529e-05
  2.159111e+00   3.695900e-04   3.150038e-05
  2.164273e+00   2.963382e-04   3.161498e-05
  2.169435e+00   3.659628e-04   3.157835e-05
  2.174597e+00   3.185900e-04   3.142513e-05
  2.179758e+00   3.484367e-04   3.112286e-05
  2.184920e+00   3.790322e-04   3.066795e-05
  2.190082e+00   3.143396e-04   3.042378e-05
  2.195244e+00   2.553858e-04   3.057940e-05
  2.200405e+00   3.082286e-04   3.039986e-05
  2.205567e+00   3.011445e-04   3.009611e-05
  2.210729e+00   3.350714e-04   3.017181e-05
  2.215891e+00   3.339639e-04   2.997739e-05
  2.221052e+00   3.260505e-04   2.973540e-05
  2.226214e+00   3.728450e-04   2.998477e-05
  2.231376e+00   2.844972e-04   2.968661e-05
  2.236538e+00   2.750819e-04   2.976415e-05
  2.241699e+00   3.142141e-04   2.982425e-05
  2.246861e+00   2.481135e-04   2.970671e-05
  2.252023e+00   2.941637e-04   2.940908e-05
  2.257185e+00   3.288796e-04   2.968673e-05
  2.262347e+00   3.449665e-04   2.939683e-05
  2.267508e+00   3.021578e-04   2.935364e-05
  2.272670e+00   3.246920e-04   2.958841e-05
  2.277832e+00   3.313724e-04   2.937176e-05
  2.282994e+00   2.840623e-04   2.938710e-05
  2.288155e+00   3.220557e-04   2.964489e-05
  2.293317e+00   2.890570e-04   2.930341e-05
  2.298479e+00   3.233963e-04   2.932291e-05
  2.303641e+00   2.715129e-04   2.946390e-05
  2.308802e+00   2.704504e-04   2.918471e-05
  2.313964e+00   2.849187e-04   2.911720e-05
  2.319126e+00   2.974860e-04   2.933419e-05
  2.324288e+00   2.530274e-04   2.902820e-05
  2.329449e+00   3.013329e-04   2.923375e-05
  2.334611e+00   3.088427e-04   2.931250e-05
  2.339773e+00   2.648684e-04   2.909367e-05
  2.344935e+00   2.818206e-04   2.908572e-05
  2.350096e+00   2.707418e-04   2.916374e-05
  2.355258e+00   2.382542e-04   2.885541e-05
  2.360420e+00   3.112998e-04   2.898673e-05
  2.365582e+00   2.648998e-04   2.906921e-05
  2.370744e+00   2.470688e-04   2.897639e-05
  2.375905e+00   2.578741e-04   2.891930e-05
  2.381067e+00   2.299956e-04   2.912110e-05
  2.386229e+00   3.123175e-04   2.875806e-05
  2.391391e+00   2.826097e-04   2.888525e-05
  2.396552e+00   3.113580e-04   2.901003e-05
  2.401714e+00   2.414107e-04   2.873613e-05
  2.406876e+00   2.479162e-04   2.878023e-05
  2.412038e+00   2.535027e-04   2.886737e-05
  2.417199e+00   2.347436e-04   2.860891e-05
  2.422361e+00   2.404332e-04   2.880562e-05
  2.427523e+00   2.875909e-04   2.881634e-05
  2.432685e+00   2.432937e-04   2.863905e-05
  2.437846e+00   2.061029e-04   2.852137e-05
  2.443008e+00   2.438586e-04   2.859915e-05
  2.448170e+00   2.031842e-04   2.832713e-05
  2.453332e+00   2.106581e-04   2.853499e-05
  2.458493e+00   2.380076e-04   2.848230e-05
  2.463655e+00   2.411237e-04   2.827235e-05
  2.468817e+00   2.097211e-04   2.832371e-05
  2.473979e+00   2.107613e-04   2.836657e-05
  2.479141e+00   2.753509e-04   2.810669e-05
  2.484302e+00   2.688946e-04   2.830642e-05
  2.489464e+00   2.409533e-04   2.828177e-05
  2.494626e+00   2.513148e-04   2.807376e-05
  2.499788e+00   2.382452e-04   2.821450e-05
  2.504949e+00   2.476338e-04   2.821717e-05
  2.510111e+00   2.600038e-04   2.810792e-05
  2.515273e+00   2.433744e-04   2.817999e-05
  2.520435e+00   2.162895e-04   2.828332e-05
  2.525596e+00   1.996287e-04   2.802755e-05
  2.530758e+00   2.816323e-04   2.810084e-05
  2.535920e+00   2.753778e-04   2.816496e-05
  2.541082e+00   1.975887e-04   2.798838e-05
  2.546243e+00   2.268750e-04   2.812774e-05
  2.551405e+00   2.264222e-04   2.805354e-05
  2.556567e+00   2.415631e-04   2.806107e-05
  2.561729e+00   2.088199e-04   2.810549e-05
  2.566890e+00   2.034845e-04   2.809933e-05
  2.572052e+00   2.696299e-04   2.822359e-05
  2.577214e+00   2.223601e-04   2.873232e-05
  2.582376e+00   2.417962e-04   2.906752e-05
  2.587538e+00   2.461811e-04   2.924089e-05
  2.592699e+00   2.067889e-04   2.931791e-05
  2.597861e+00   2.036280e-04   2.940323e-05
  2.603023e+00   2.247813e-04   2.876882e-05
  2.608185e+00   2.213738e-04   2.876618e-05
  2.613346e+00   1.875546e-04   2.867708e-05
  2.618508e+00   1.903882e-04   2.842517e-05
  2.623670e+00   2.135904e-04   2.844846e-05
  2.628832e+00   2.217280e-04   2.840485e-05
  2.633993e+00   1.570129e-04   2.816356e-05
  2.639155e+00   2.448809e-04   2.834298e-05
  2.644317e+00   2.304215e-04   2.837447e-05
  2.649479e+00   2.374158e-04   2.831619e-05
  2.654640e+00   2.227591e-04   2.837643e-05
  2.659802e+00   2.434686e-04   2.835280e-05
  2.664964e+00   2.114383e-04   2.817560e-05
  2.670126e+00   1.718757e-04   2.823393e-05
  2.675287e+00   1.834342e-04   2.824832e-05
  2.680449e+00   1.938181e-04   2.806916e-05
  2.685611e+00   2.373620e-04   2.823389e-05
  2.690773e+00   2.273055e-04   2.815308e-05
  2.695935e+00   1.954590e-04   2.809277e-05
  2.701096e+00   2.410833e-04   2.822718e-05
  2.706258e+00   2.225126e-04   2.817114e-05
  2.711420e+00   1.740457e-04   2.801301e-05
  2.716581e+00   2.362501e-04   2.808263e-05
  2.721743e+00   2.384874e-04   2.806476e-05
  2.726905e+00   2.245750e-04   2.793914e-05
  2.732067e+00   2.270454e-04   2.812447e-05
  2.737228e+00   1.669259e-04   2.799087e-05
  2.742390e+00   1.859853e-04   2.796443e-05
  2.747552e+00   2.667021e-04   2.803708e-05
  2.752714e+00   2.244630e-04   2.804301e-05
  2.757875e+00   2.683386e-04   2.793039e-05
  2.763037e+00   2.169127e-04   2.790141e-05
  2.768199e+00   1.953335e-04   2.787925e-05
  2.773361e+00   1.739202e-04   2.771257e-05
  2.778522e+00   1.888862e-04   2.785848e-05
  2.783684e+00   2.285160e-04   2.783051e-05
  2.788846e+00   2.150251e-04   2.774012e-05
  2.794008e+00   1.995794e-04   2.783882e-05
  2.799170e+00   1.838916e-04   2.786195e-05
  2.804331e+00   2.326812e-04   2.760346e-05
  2.809493e+00   2.079771e-04   2.777227e-05
  2.814655e+00   1.394509e-04   2.759222e-05
  2.819817e+00   1.583041e-04   2.745520e-05
  2.824978e+00   1.993956e-04   2.766461e-05
  2.830140e+00   1.841202e-04   2.756970e-05
  2.835302e+00   2.060222e-04   2.754922e-05
  2.840464e+00   1.570712e-04   2.768743e-05
  2.845625e+00   1.681096e-04   2.768908e-05
  2.850787e+00   1.927465e-04   2.753796e-05
  2.855949e+00   1.944996e-04   2.766794e-05
  2.861111e+00   1.905720e-04   2.758646e-05
  2.866272e+00   2.252834e-04   2.747434e-05
  2.871434e+00   1.939840e-04   2.771651e-05
  2.876596e+00   2.363263e-04   2.748333e-05
  2.881758e+00   2.057353e-04   2.749157e-05
  2.886919e+00   1.771483e-04   2.753119e-05
  2.892081e+00   2.055694e-04   2.752982e-05
  2.897243e+00   2.033007e-04   2.727493e-05
  2.902405e+00   2.211496e-04   2.743454e-05
  2.907567e+00   1.813314e-04   2.738883e-05
  2.912728e+00   1.342769e-04   2.723409e-05
  2.917890e+00   1.962257e-04   2.753437e-05
  2.923052e+00   1.847704e-04   2.737348e-05
  2.928214e+00   1.833759e-04   2.760594e-05
  2.933375e+00   2.033142e-04   2.813695e-05
  2.938537e+00   2.262877e-04   2.839978e-05
  2.943699e+00   1.421231e-04   2.855728e-05
  2.948861e+00   1.520765e-04   2.883558e-05
  2.954022e+00   2.195266e-04   2.886441e-05
  2.959184e+00   2.557041e-04   2.919544e-05
  2.964346e+00   1.695308e-04   2.934600e-05
  2.969508e+00   1.784979e-04   2.917886e-05
  2.974669e+00   2.221539e-04   2.959208e-05
  2.979831e+00   1.759961e-04   2.980192e-05
  2.984993e+00   1.727904e-04   2.969063e-05
  2.990155e+00   1.642941e-04   2.978777e-05
  2.995317e+00   2.342729e-04   2.971532e-05
  3.000478e+00   2.111020e-04   2.912165e-05
  3.005640e+00   1.334161e-04   2.870697e-05
  3.010802e+00   1.626173e-04   2.885696e-05
  3.015964e+00   1.752339e-04   2.846795e-05
  3.021125e+00   1.926210e-04   2.843424e-05
  3.026287e+00   1.905092e-04   2.850077e-05
  3.031449e+00   1.617206e-04   2.831885e-05
  3.036611e+00   1.766641e-04   2.811358e-05
  3.041772e+00   1.851335e-04   2.825709e-05
  3.046934e+00   2.316500e-04   2.818950e-05
  3.052096e+00   1.656436e-04   2.801355e-05
  3.057258e+00   1.421186e-04   2.809715e-05
  3.062419e+00   2.309147e-04   2.801816e-05
  3.067581e+00   1.479247e-04   2.796528e-05
  3.072743e+00   1.475392e-04   2.817837e-05
  3.077905e+00   1.509690e-04   2.795968e-05
  3.083066e+00   1.999426e-04   2.785804e-05
  3.088228e+00   1.450284e-04   2.810593e-05
  3.093390e+00   1.504400e-04   2.789700e-05
  3.098552e+00   1.461269e-04   2.783496e-05
  3.103714e+00   1.897873e-04   2.800593e-05
  3.108875e+00   2.051389e-04   2.773248e-05
  3.114037e+00   1.682127e-04   2.784419e-05
  3.119199e+00   1.792422e-04   2.797034e-05
  3.124361e+00   1.992521e-04   2.774573e-05
  3.129522e+00   1.822147e-04   2.772614e-05
  3.134684e+00   2.210285e-04   2.788692e-05
  3.139846e+00   2.156304e-04   2.754159e-05
  3.145008e+00   1.805289e-04   2.766549e-05
  3.150169e+00   2.140073e-04   2.762779e-05
  3.155331e+00   2.364115e-04   2.751722e-05
  3.160493e+00   1.775518e-04   2.744146e-05
  3.165655e+00   1.919933e-04   2.763500e-05
  3.170816e+00   1.988082e-04   2.737858e-05
  3.175978e+00   1.916032e-04   2.745427e-05
  3.181140e+00   1.803047e-04   2.740763e-05
  3.186302e+00   1.689210e-04   2.732814e-05
  3.191463e+00   1.770632e-04   2.737244e-05
  3.196625e+00   1.847748e-04   2.744482e-05
  3.201787e+00   1.306229e-04   2.730180e-05
  3.206949e+00   1.748752e-04   2.745801e-05
  3.212111e+00   1.875681e-04   2.746967e-05
  3.217272e+00   1.495702e-04   2.731128e-05
  3.222434e+00   1.697506e-04   2.744895e-05
  3.227596e+00   1.811969e-04   2.751333e-05
  3.232758e+00   1.526549e-04   2.733737e-05
  3.237919e+00   1.695802e-04   2.744223e-05
  3.243081e+00   1.724855e-04   2.742206e-05
  3.248243e+00   1.654105e-04   2.739494e-05
  3.253405e+00   2.183474e-04   2.750218e-05
  3.258566e+00   2.067710e-04   2.756031e-05
  3.263728e+00   1.346939e-04   2.727900e-05
  3.268890e+00   1.409080e-04   2.749413e-05
  3.274052e+00   1.922444e-04   2.748352e-05
  3.279213e+00   1.834477e-04   2.741183e-05
  3.284375e+00   1.786548e-04   2.746093e-05
  3.289537e+00   1.712570e-04   2.749312e-05
  3.294699e+00   1.790135e-04   2.735657e-05
  3.299860e+00   1.590304e-04   2.756575e-05
  3.305022e+00   1.719788e-04   2.755472e-05
  3.310184e+00   1.818964e-04   2.733968e-05
  3.315346e+00   1.315151e-04   2.752316e-05
  3.320507e+00   1.537264e-04   2.738313e-05
  3.325669e+00   1.893839e-04   2.749776e-05
  3.330831e+00   1.129578e-04   2.739022e-05
  3.335993e+00   1.780899e-04   2.743556e-05
  3.341154e+00   1.787938e-04   2.726902e-05
  3.346316e+00   1.496509e-04   2.744477e-05
  3.351478e+00   1.977905e-04   2.731267e-05
  3.356640e+00   2.079501e-04   2.735584e-05
  3.361801e+00   1.439972e-04   2.749190e-05
  3.366963e+00   1.122449e-04   2.732887e-05
  3.372125e+00   1.278296e-04   2.728210e-05
  3.377287e+00   1.108505e-04   2.740538e-05
  3.382448e+00   1.618909e-04   2.738373e-05
  3.387610e+00   1.811387e-04   2.738081e-05
  3.392772e+00   1.494537e-04   2.748454e-05
  3.397934e+00   1.749155e-04   2.739988e-05
  3.403095e+00   1.242652e-04   2.735708e-05
  3.408257e+00   1.752473e-04   2.768700e-05
  3.413419e+00   1.909217e-04   2.738577e-05
  3.418581e+00   1.743013e-04   2.731160e-05
  3.423743e+00   1.406839e-04   2.749888e-05
  3.428904e+00   1.416523e-04   2.735009e-05
  3.434066e+00   1.831294e-04   2.732309e-05
  3.439228e+00   1.206111e-04   2.761794e-05
  3.444390e+00   1.485525e-04   2.735940e-05
  3.449551e+00   1.887786e-04   2.737240e-05
  3.454713e+00   2.028838e-04   2.758974e-05
  3.459875e+00   1.437820e-04   2.740890e-05
  3.465037e+00   1.293002e-04   2.727336e-05
  3.470198e+00   1.767404e-04   2.751558e-05
  3.475360e+00   1.692843e-04   2.738159e-05
  3.480522e+00   1.940153e-04   2.732252e-05
  3.485684e+00   1.672846e-04   2.752064e-05
  3.490845e+00   1.691408e-04   2.731550e-05
  3.496007e+00   9.245015e-05   2.733790e-05
  3.501169e+00   1.710194e-04   2.763822e-05
  3.506331e+00   1.978667e-04   2.748876e-05
  3.511492e+00   1.202390e-04   2.729451e-05
  3.516654e+00   1.495433e-04   2.761060e-05
  3.521816e+00   1.370926e-04   2.736597e-05
  3.526978e+00   1.465752e-04   2.737855e-05
  3.532140e+00   2.114473e-04   2.757537e-05
  3.537301e+00   1.769914e-04   2.744372e-05
  3.542463e+00   1.602006e-04   2.737531e-05
  3.547625e+00   1.785696e-04   2.760892e-05
  3.552787e+00   1.863620e-04   2.745744e-05
  3.557948e+00   1.691363e-04   2.734224e-05
  3.563110e+00   1.361959e-04   2.759544e-05
  3.568272e+00   1.913342e-04   2.743314e-05
  3.573434e+00   1.422621e-04   2.725539e-05
  3.578595e+00   1.433784e-04   2.757194e-05
  3.583757e+00   1.389891e-04   2.736887e-05
  3.588919e+00   1.748079e-04   2.744998e-05
  3.594081e+00   1.884558e-04   2.752391e-05
  3.599242e+00   1.647290e-04   2.745438e-05
  3.604404e+00   1.662489e-04   2.728546e-05
  3.609566e+00   9.308232e-05   2.762768e-05
  3.614728e+00   1.557261e-04   2.730185e-05
  3.619889e+00   1.211672e-04   2.747137e-05
  3.625051e+00   2.066544e-04   2.749148e-05
  3.630213e+00   1.300669e-04   2.738493e-05
  3.635375e+00   1.596716e-04   2.744654e-05
  3.640537e+00   1.590304e-04   2.768167e-05
  3.645698e+00   1.324611e-04   2.738735e-05
  3.650860e+00   1.512202e-04   2.748006e-05
  3.656022e+00   1.432978e-04   2.757831e-05
  3.661184e+00   1.920740e-04   2.732974e-05
  3.666345e+00   1.277041e-04   2.755510e-05
  3.671507e+00   1.251350e-04   2.755192e-05
  3.676669e+00   1.653298e-04   2.738525e-05
  3.681831e+00   1.347163e-04   2.748397e-05
  3.686992e+00   1.550132e-04   2.752267e-05
  3.692154e+00   1.933967e-04   2.741007e-05
  3.697316e+00   1.186922e-04   2.748679e-05
  3.702478e+00   1.496778e-04   2.753845e-05
  3.707639e+00   1.247988e-04   2.747101e-05
  3.712801e+00   1.374647e-04   2.748069e-05
  3.717963e+00   1.455978e-04   2.755132e-05
  3.723125e+00   1.285560e-04   2.724819e-05
  3.728287e+00   1.661144e-04   2.757048e-05
  3.733448e+00   1.202301e-04   2.754214e-05
  3.738610e+00   1.238572e-04   2.741829e-05
  3.743772e+00   1.608373e-04   2.755686e-05
  3.748934e+00   1.391550e-04   2.799897e-05
  3.754095e+00   1.647335e-04   2.838618e-05
  3.759257e+00   2.296907e-04   2.887585e-05
  3.764419e+00   1.346715e-04   2.882770e-05
  3.769581e+00   1.568963e-04   2.920727e-05
  3.774742e+00   1.543676e-04   2.929884e-05
  3.779904e+00   8.897992e-05   2.930950e-05
  3.785066e+00   1.570353e-04   2.949217e-05
  3.790228e+00   1.411143e-04   2.974636e-05
  3.795389e+00   1.657153e-04   2.945627e-05
  3.800551e+00   1.427732e-04   2.967610e-05
  3.805713e+00   1.368415e-04   2.968725e-05
  3.810875e+00   1.321204e-04   2.965418e-05
  3.816036e+00   1.341559e-04   2.886010e-05
  3.821198e+00   1.473598e-04   2.886326e-05
  3.826360e+00   1.104829e-04   2.851778e-05
  3.831522e+00   1.272468e-04   2.828782e-05
  3.836684e+00   1.110972e-04   2.860841e-05
  3.841845e+00   1.229560e-04   2.835872e-05
  3.847007e+00   1.284663e-04   2.830305e-05
  3.852169e+00   1.638906e-04   2.842926e-05
  3.857331e+00   1.554929e-04   2.827653e-05
  3.862492e+00   1.313806e-04   2.814498e-05
  3.867654e+00   1.631239e-04   2.841544e-05
  3.872816e+00   1.762112e-04   2.837197e-05
  3.877978e+00   1.572236e-04   2.827158e-05
  3.883139e+00   1.411233e-04   2.853529e-05
  3.888301e+00   9.225738e-05   2.831882e-05
  3.893463e+00   1.365680e-04   2.816609e-05
  3.898625e+00   1.373347e-04   2.848053e-05
  3.903786e+00   1.782916e-04   2.820311e-05
  3.908948e+00   1.479113e-04   2.813821e-05
  3.914110e+00   1.016414e-04   2.834709e-05
  3.919272e+00   1.976156e-04   2.831444e-05
  3.924433e+00   1.575823e-04   2.809301e-05
  3.929595e+00   1.811342e-04   2.850325e-05
  3.934757e+00   1.618999e-04   2.832022e-05
  3.939919e+00   1.333443e-04   2.813288e-05
  3.945080e+00   1.663520e-04   2.842952e-05
  3.950242e+00   9.938619e-05   2.826803e-05
  3.955404e+00   1.935267e-04   2.820885e-05
  3.960566e+00   1.376441e-04   2.856318e-05
  3.965727e+00   1.230816e-04   2.834694e-05
  3.970889e+00   1.148095e-04   2.834192e-05
  3.976051e+00   1.169302e-04   2.860693e-05
  3.981213e+00   1.098193e-04   2.828581e-05
  3.986374e+00   1.250723e-04   2.837929e-05
  3.991536e+00   1.642761e-04   2.858795e-05
  3.996698e+00   1.437237e-04   2.832308e-05
  4.001860e+00   1.600437e-04   2.841653e-05
  4.007021e+00   1.414954e-04   2.857452e-05
  4.012183e+00   1.579813e-04   2.829705e-05
  4.017345e+00   1.325374e-04   2.865920e-05
  4.022507e+00   1.287578e-04   2.856783e-05
  4.027668e+00   1.667197e-04   2.846089e-05
  4.032830e+00   1.230682e-04   2.855814e-05
  4.037992e+00   1.651056e-04   2.861295e-05
  4.043154e+00   1.059545e-04   2.833099e-05
  4.048316e+00   1.196068e-04   2.858397e-05
  4.053477e+00   1.603351e-04   2.863578e-05
  4.058639e+00   1.555871e-04   2.848980e-05
  4.063801e+00   1.250184e-04   2.866037e-05
  4.068963e+00   1.653926e-04   2.853840e-05
  4.074124e+00   9.797835e-05   2.864400e-05
  4.079286e+00   1.614202e-04   2.875377e-05
  4.084448e+00   1.647110e-04   2.857808e-05
  4.089610e+00   1.423383e-04   2.866197e-05
  4.094771e+00   1.084609e-04   2.882299e-05
  4.099933e+00   1.162039e-04   2.857810e-05
  4.105095e+00   1.514398e-04   2.860795e-05
  4.110257e+00   1.633122e-04   2.884764e-05
  4.115418e+00   2.048430e-04   2.879032e-05
  4.120580e+00   1.137111e-04   2.873338e-05
  4.125742e+00   1.058783e-04   2.885904e-05
  4.130904e+00   9.870017e-05   2.861177e-05
  4.136065e+00   1.489874e-04   2.886609e-05
  4.141227e+00   1.280135e-04   2.893094e-05
  4.146389e+00   8.253264e-05   2.880362e-05
  4.151551e+00   9.661988e-05   2.882407e-05
  4.156713e+00   1.095100e-04   2.905933e-05
  4.161874e+00   1.266549e-04   2.883383e-05
  4.167036e+00   1.066719e-04   2.896954e-05
  4.172198e+00   1.306004e-04   2.914894e-05
  4.177360e+00   1.218352e-04   2.889091e-05
  4.182521e+00   6.999671e-05   2.892349e-05
  4.187683e+00   1.252785e-04   2.925954e-05
  4.192845e+00   1.232564e-04   2.888759e-05
  4.198007e+00   1.223552e-04   2.911642e-05
  4.203168e+00   1.081963e-04   2.919261e-05
  4.208330e+00   1.239335e-04   2.898422e-05
  4.213492e+00   1.701361e-04   2.913685e-05
  4.218654e+00   9.281330e-05   2.922359e-05
  4.223815e+00   1.264084e-04   2.899803e-05
  4.228977e+00   1.323580e-04   2.914535e-05
  4.234139e+00   1.494761e-04   2.931110e-05
  4.239301e+00   1.535785e-04   2.894624e-05
  4.244462e+00   7.968111e-05   2.918069e-05
  4.249624e+00   1.089629e-04   2.926320e-05
  4.254786e+00   9.206910e-05   2.895332e-05
  4.259948e+00   1.323445e-04   2.923780e-05
  4.265110e+00   1.803585e-04   2.938734e-05
  4.270271e+00   8.779183e-05   2.907729e-05
  4.275433e+00   1.313851e-04   3.002352e-05
  4.280595e+00   1.093262e-04   3.035592e-05
  4.285757e+00   8.224565e-05   3.082158e-05
  4.290918e+00   1.272423e-04   3.090040e-05
  4.296080e+00   8.936555e-05   3.115532e-05
  4.301242e+00   8.817288e-05   3.118387e-05
  4.306404e+00   1.397333e-04   3.120168e-05
  4.311565e+00   6.540110e-05   3.130751e-05
  4.316727e+00   1.457323e-04   3.151996e-05
  4.321889e+00   1.738753e-04   3.165077e-05
  4.327051e+00   1.271929e-04   3.170847e-05
  4.332212e+00   1.336717e-04   3.176005e-05
  4.337374e+00   7.057508e-05   3.192383e-05
  4.342536e+00   1.244894e-04   3.192824e-05
  4.347698e+00   1.197772e-04   3.206818e-05
  4.352859e+00   9.651226e-05   3.215441e-05
  4.358021e+00   6.215055e-05   3.237674e-05
  4.363183e+00   1.022736e-04   3.242434e-05
  4.368345e+00   1.113662e-04   3.251028e-05
  4.373507e+00   1.516416e-04   3.261651e-05
  4.378668e+00   1.501531e-04   3.256034e-05
  4.383830e+00   1.214496e-04   3.267192e-05
  4.388992e+00   1.612229e-04   3.269406e-05
  4.394154e+00   1.319903e-04   3.286847e-05
  4.399315e+00   1.000901e-04   3.273768e-05
  4.404477e+00   1.406570e-04   3.313840e-05
  4.409639e+00   1.858688e-04   3.305509e-05
  4.414801e+00   1.089182e-04   3.318360e-05
  4.419962e+00   1.164953e-04   3.335289e-05
  4.425124e+00   1.214944e-04   3.342065e-05
  4.430286e+00   1.442976e-04   3.341146e-05
  4.435448e+00   1.469025e-04   3.332007e-05
  4.440609e+00   8.734794e-05   3.352289e-05
  4.445771e+00   1.453467e-04   3.371800e-05
  4.450933e+00   1.237137e-04   3.381921e-05
  4.456095e+00   1.593398e-04   3.382921e-05
  4.461257e+00   1.421141e-04   3.387891e-05
  4.466418e+00   1.316137e-04   3.400005e-05
  4.471580e+00   1.395182e-04   3.409437e-05
  4.476742e+00   8.029537e-05   3.401550e-05
  4.481904e+00   9.344555e-05   3.403742e-05
  4.487065e+00   1.000407e-04   3.386340e-05
  4.492227e+00   8.455916e-05   3.400776e-05
  4.497389e+00   1.120521e-04   3.398562e-05
  4.502551e+00   1.280180e-04   3.419804e-05
  4.507712e+00   1.183290e-04   3.406561e-05
  4.512874e+00   1.348822e-04   3.417333e-05
  4.518036e+00   1.282780e-04   3.429345e-05
  4.523198e+00   5.986844e-05   3.410213e-05
  4.528359e+00   1.533722e-04   3.414369e-05
  4.533521e+00   6.572391e-05   3.405684e-05
  4.538683e+00   1.520317e-04   3.416308e-05
  4.543845e+00   8.309755e-05   3.417562e-05
  4.549006e+00   1.330394e-04   3.420436e-05
  4.554168e+00   9.440949e-05   3.402113e-05
  4.559330e+00   9.663777e-05   3.411349e-05
  4.564492e+00   1.513771e-04   3.420393e-05
  4.569654e+00   1.403566e-04   3.427346e-05
  4.574815e+00   1.745165e-04   3.411413e-05
  4.579977e+00   7.281684e-05   3.421347e-05
  4.585139e+00   1.734808e-04   3.411252e-05
  4.590301e+00   1.082456e-04   3.421988e-05
  4.595462e+00   1.102497e-04   3.415264e-05
  4.600624e+00   4.199264e-05   3.437701e-05
  4.605786e+00   9.570971e-05   3.433390e-05
  4.610948e+00   4.923353e-05   3.446676e-05
  4.616109e+00   1.079811e-04   3.468018e-05
  4.621271e+00   1.433919e-04   3.455078e-05
  4.626433e+00   1.164639e-04   3.462597e-05
  4.631595e+00   1.301386e-04   3.488566e-05
  4.636756e+00   9.995560e-05   3.490763e-05
  4.641918e+00   1.022736e-04   3.499857e-05
  4.647080e+00   8.350557e-05   3.505209e-05
  4.652242e+00   1.034707e-04   3.519606e-05
  4.657403e+00   1.199207e-04   3.518019e-05
  4.662565e+00   1.046184e-04   3.562105e-05
  4.667727e+00   3.937875e-05   3.555197e-05
  4.672889e+00   1.149440e-04   3.544322e-05
  4.678051e+00   1.429033e-04   3.563800e-05
  4.683212e+00   1.484224e-04   3.576180e-05
  4.688374e+00   1.043180e-04   3.599872e-05
  4.693536e+00   1.404194e-04   3.607178e-05
  4.698698e+00   1.168047e-04   3.614061e-05
  4.703859e+00   6.092655e-05   3.626993e-05
  4.709021e+00   6.502449e-05   3.652183e-05
  4.714183e+00   1.139038e-04   3.656094e-05
  4.719345e+00   9.805010e-05   3.668709e-05
  4.724506e+00   1.955801e-04   3.681365e-05
  4.729668e+00   1.461672e-04   3.679579e-05
  4.734830e+00   1.788431e-04   3.704091e-05
  4.739992e+00   1.063221e-04   3.706480e-05
  4.745153e+00   1.024978e-04   3.713423e-05
  4.750315e+00   8.049264e-05   3.750584e-05
  4.755477e+00   1.133344e-04   3.743547e-05
  4.760639e+00   9.097506e-05   3.765635e-05
  4.765800e+00   1.062415e-04   3.792606e-05
  4.770962e+00   1.474002e-04   3.767331e-05
  4.776124e+00   1.075372e-04   3.792755e-05
  4.781286e+00   1.121015e-04   3.796777e-05
  4.786448e+00   9.968658e-05   3.810627e-05
  4.791609e+00   1.259017e-04   3.828760e-05
  4.796771e+00   8.907856e-05   3.845321e-05
  4.801933e+00   5.547907e-05   3.846360e-05
  4.807095e+00   9.593386e-05   3.872795e-05
  4.812256e+00   1.867475e-04   3.879300e-05
  4.817418e+00   1.554481e-04   3.912587e-05
  4.822580e+00   6.970528e-05   3.889667e-05
  4.827742e+00   1.902761e-04   3.917473e-05
  4.832903e+00   8.437088e-05   3.913061e-05
  4.838065e+00   1.199117e-04   3.917259e-05
  4.843227e+00   1.491577e-04   3.952738e-05
  4.848388e+00   6.313244e-05   3.958408e-05
  4.853550e+00   1.002829e-04   3.970280e-05
  4.858712e+00   7.187530e-05   3.981528e-05
  4.863873e+00   1.627024e-04   4.012526e-05
  4.869035e+00   6.189499e-05   4.018185e-05
  4.874197e+00   1.227498e-04   4.009572e-05
  4.879359e+00   8.452328e-05   4.025438e-05
  4.884521e+00   8.728518e-05   4.037975e-05
  4.889682e+00   1.564704e-04   4.041817e-05
  4.894844e+00   2.556054e-05   4.023974e-05
  4.900006e+00   1.159214e-04   4.054737e-05
  4.905168e+00   7.181254e-05   4.067106e-05
  4.910329e+00   2.346226e-05   4.083545e-05
  4.915491e+00   1.004443e-04   4.155324e-05
  4.920653e+00   9.878090e-05   4.115982e-05
  4.925815e+00   1.301835e-04   4.149147e-05
  4.930976e+00   1.044346e-04   4.172615e-05
  4.936138e+00   1.873573e-04   4.176267e-05
  4.941300e+00   7.305447e-05   4.213043e-05
  4.946462e+00   4.338702e-05   4.241827e-05
  4.951623e+00   1.110792e-04   4.260000e-05
  4.956785e+00   8.744208e-05   4.276113e-05
  4.961947e+00   1.222207e-04   4.292958e-05
  4.967109e+00   1.266370e-04   4.355516e-05
  4.972270e+00   1.069499e-04   4.330858e-05
  4.977432e+00   1.062056e-04   4.359369e-05
  4.982594e+00   7.137315e-05   4.370476e-05
  4.987756e+00   1.193961e-04   4.407045e-05
  4.992918e+00   1.310174e-04   4.412445e-05
  4.998079e+00   1.953694e-04   4.432862e-05
  5.003241e+00   1.061249e-04   4.477057e-05
  5.008403e+00   1.810042e-04   4.492921e-05
  5.013565e+00   1.426611e-04   4.526795e-05
  5.018726e+00   7.043161e-05   4.556359e-05
  5.023888e+00   4.641339e-05   4.553355e-05
  5.029050e+00   1.096758e-04   4.567469e-05
  5.034212e+00   8.845987e-05   4.573575e-05
  5.039373e+00   7.702686e-05   4.615227e-05
  5.044535e+00   1.020852e-04   4.634591e-05
  5.049697e+00   1.767179e-04   4.602355e-05
  5.054859e+00   1.889579e-04   4.659596e-05
  5.060020e+00   1.593398e-04   4.713354e-05
  5.065182e+00   9.575007e-05   4.775755e-05
  5.070344e+00   1.286456e-04   4.832552e-05
  5.075506e+00   1.455888e-04   4.854939e-05
  5.080667e+00   1.109088e-04   4.909481e-05
  5.085829e+00   1.506866e-04   4.946062e-05
  5.090991e+00   1.596671e-04   5.010073e-05
  5.096153e+00   2.905321e-05   5.043560e-05
  5.101315e+00   1.158766e-04   5.091637e-05
  5.106476e+00   9.739996e-05   5.174282e-05
  5.111638e+00   1.681230e-04   5.233151e-05
  5.116800e+00   1.511888e-04   5.337921e-05
  5.121962e+00   8.171211e-05   5.345839e-05
  5.127123e+00   8.722242e-05   5.402063e-05
  5.132285e+00   9.976724e-05   5.472885e-05
  5.137447e+00   1.094427e-05   5.508107e-05
  5.142609e+00   1.720820e-04   5.678727e-05
  5.147770e+00   1.112809e-04   5.802351e-05
  5.152932e+00   2.239159e-04   5.890309e-05
  5.158094e+00   1.041925e-04   6.014197e-05
  5.163256e+00   2.402405e-04   6.093171e-05
  5.168417e+00  -4.304178e-06   6.367463e-05
  5.173579e+00   1.070799e-04   6.676476e-05
  5.178741e+00   1.486286e-05   6.729570e-05
  5.183903e+00   1.912938e-04   6.883166e-05
  5.189065e+00   8.346520e-05   6.880266e-05
  5.194226e+00   6.519934e-05   7.356908e-05
  5.199388e+00   1.234403e-04   7.712873e-05
  5.204550e+00   4.201058e-05   8.182182e-05
  5.209712e+00   1.963020e-04   1.173840e-04
range-from: 1
range-to: 1000
Buffer: NaP
Code: TipAS_NaP
Concentration: 1.79
Measurement Temperature (degrees C): 15.0
Storage Temperature (degrees C): 15.0
datop-operation: /media/alessandra/TOSHIBA_EXT/Post-Doc/DAbramo/TipAS/20230120_BM29/TipAStrend_15deg_sc/sub_001.dat DIV 1.79
range-from: 1
range-to: 1000
parent: TipAS_NaP_15deg_1-2_ave_sub.dat
creator: datop
creator-version: v0.4 (r12314)
datop-operation: TipAS_NaP_15deg_1-2_ave_sub.dat MUL 0.00080255
