Sample description: Sample c= 1.79 mg/ml
Sample: Sample c= 1.79   c= 1.79 mg/ml  Code: TipAS_NaP
Parent(s): TipAS_NaP_35deg_1-2_ave_sub.dat
  5.311318e-02   2.698792e-02   1.307103e-03
  5.827494e-02   2.928514e-02   8.716094e-04
  6.343670e-02   2.672263e-02   6.700221e-04
  6.859846e-02   2.847443e-02   5.439845e-04
  7.376022e-02   2.705817e-02   4.751827e-04
  7.892198e-02   2.749653e-02   4.179263e-04
  8.408374e-02   2.677378e-02   3.692168e-04
  8.924550e-02   2.645035e-02   3.226560e-04
  9.440726e-02   2.635839e-02   2.942245e-04
  9.956902e-02   2.574966e-02   2.714913e-04
  1.047308e-01   2.578100e-02   2.458235e-04
  1.098925e-01   2.574998e-02   2.263721e-04
  1.150543e-01   2.533569e-02   2.106195e-04
  1.202161e-01   2.532332e-02   1.972400e-04
  1.253778e-01   2.531518e-02   1.881341e-04
  1.305396e-01   2.517413e-02   1.767715e-04
  1.357013e-01   2.473511e-02   1.658533e-04
  1.408631e-01   2.456336e-02   1.600772e-04
  1.460249e-01   2.425357e-02   1.496349e-04
  1.511866e-01   2.446887e-02   1.465231e-04
  1.563484e-01   2.394183e-02   1.398469e-04
  1.615101e-01   2.369303e-02   1.337239e-04
  1.666719e-01   2.357564e-02   1.304455e-04
  1.718337e-01   2.339394e-02   1.264285e-04
  1.769954e-01   2.318495e-02   1.206929e-04
  1.821572e-01   2.324625e-02   1.182190e-04
  1.873190e-01   2.285304e-02   1.151712e-04
  1.924807e-01   2.274078e-02   1.120641e-04
  1.976425e-01   2.228822e-02   1.097370e-04
  2.028042e-01   2.231213e-02   1.075880e-04
  2.079660e-01   2.190199e-02   1.035078e-04
  2.131277e-01   2.168484e-02   1.024982e-04
  2.182895e-01   2.161149e-02   1.009319e-04
  2.234513e-01   2.146110e-02   9.845041e-05
  2.286130e-01   2.111718e-02   9.714113e-05
  2.337748e-01   2.110207e-02   9.549663e-05
  2.389365e-01   2.086158e-02   9.235007e-05
  2.440983e-01   2.057546e-02   9.178933e-05
  2.492601e-01   2.039194e-02   9.087635e-05
  2.544218e-01   2.015782e-02   8.815065e-05
  2.595836e-01   1.993361e-02   8.753493e-05
  2.647454e-01   1.981639e-02   8.598657e-05
  2.699071e-01   1.961787e-02   8.375051e-05
  2.750689e-01   1.955547e-02   8.412835e-05
  2.802306e-01   1.906340e-02   8.235913e-05
  2.853924e-01   1.900570e-02   8.048373e-05
  2.905541e-01   1.871900e-02   8.091325e-05
  2.957159e-01   1.863767e-02   8.196531e-05
  3.008777e-01   1.841209e-02   8.163755e-05
  3.060394e-01   1.818618e-02   8.221130e-05
  3.112012e-01   1.788199e-02   8.081791e-05
  3.163629e-01   1.785003e-02   8.024841e-05
  3.215247e-01   1.744019e-02   8.041294e-05
  3.266865e-01   1.719786e-02   7.963968e-05
  3.318482e-01   1.719229e-02   7.910767e-05
  3.370100e-01   1.694177e-02   7.847334e-05
  3.421718e-01   1.664118e-02   7.825301e-05
  3.473335e-01   1.643003e-02   7.810408e-05
  3.524953e-01   1.620682e-02   7.763483e-05
  3.576570e-01   1.611341e-02   7.498090e-05
  3.628188e-01   1.606490e-02   7.218282e-05
  3.679805e-01   1.574822e-02   7.224690e-05
  3.731423e-01   1.560695e-02   7.098012e-05
  3.783041e-01   1.554266e-02   6.914022e-05
  3.834658e-01   1.535575e-02   6.871958e-05
  3.886276e-01   1.501731e-02   6.795980e-05
  3.937894e-01   1.477092e-02   6.666025e-05
  3.989511e-01   1.470659e-02   6.662775e-05
  4.041129e-01   1.453237e-02   6.584111e-05
  4.092746e-01   1.435844e-02   6.405685e-05
  4.144364e-01   1.406100e-02   6.396032e-05
  4.195982e-01   1.401957e-02   6.366378e-05
  4.247599e-01   1.383191e-02   6.233451e-05
  4.299217e-01   1.373581e-02   6.219041e-05
  4.350834e-01   1.354495e-02   6.138504e-05
  4.402452e-01   1.338203e-02   6.028823e-05
  4.454069e-01   1.315037e-02   6.024339e-05
  4.505687e-01   1.310856e-02   6.004778e-05
  4.557305e-01   1.282401e-02   5.835296e-05
  4.608922e-01   1.271840e-02   5.869138e-05
  4.660540e-01   1.251949e-02   5.811484e-05
  4.712158e-01   1.244123e-02   5.878096e-05
  4.763775e-01   1.229739e-02   5.930226e-05
  4.815393e-01   1.203831e-02   5.912058e-05
  4.867010e-01   1.192527e-02   5.869443e-05
  4.918628e-01   1.180021e-02   5.915793e-05
  4.970246e-01   1.166640e-02   5.877495e-05
  5.021863e-01   1.154999e-02   5.866528e-05
  5.073481e-01   1.135709e-02   5.845725e-05
  5.125098e-01   1.138668e-02   5.845693e-05
  5.176716e-01   1.120503e-02   5.820259e-05
  5.228333e-01   1.108770e-02   5.813981e-05
  5.279951e-01   1.091064e-02   5.812937e-05
  5.331569e-01   1.068925e-02   5.676809e-05
  5.383186e-01   1.067717e-02   5.625683e-05
  5.434804e-01   1.063923e-02   5.552086e-05
  5.486422e-01   1.037439e-02   5.417876e-05
  5.538039e-01   1.030099e-02   5.384846e-05
  5.589657e-01   1.008835e-02   5.342580e-05
  5.641274e-01   1.004397e-02   5.232307e-05
  5.692892e-01   1.000635e-02   5.256631e-05
  5.744510e-01   9.822417e-03   5.240248e-05
  5.796127e-01   9.674981e-03   5.126631e-05
  5.847745e-01   9.646330e-03   5.113696e-05
  5.899363e-01   9.492441e-03   5.097704e-05
  5.950980e-01   9.374033e-03   5.004648e-05
  6.002598e-01   9.237238e-03   4.995000e-05
  6.054215e-01   9.142497e-03   4.976640e-05
  6.105833e-01   8.969211e-03   4.896586e-05
  6.157451e-01   8.932486e-03   4.905804e-05
  6.209068e-01   8.836364e-03   4.880118e-05
  6.260686e-01   8.809126e-03   4.788561e-05
  6.312303e-01   8.633801e-03   4.792286e-05
  6.363921e-01   8.392586e-03   4.799621e-05
  6.415538e-01   8.421302e-03   4.688215e-05
  6.467156e-01   8.304410e-03   4.706736e-05
  6.518773e-01   8.183049e-03   4.684143e-05
  6.570391e-01   8.133411e-03   4.622540e-05
  6.622009e-01   8.044448e-03   4.695379e-05
  6.673626e-01   7.972939e-03   4.743707e-05
  6.725244e-01   7.897343e-03   4.685547e-05
  6.776862e-01   7.823459e-03   4.716061e-05
  6.828479e-01   7.781265e-03   4.776630e-05
  6.880097e-01   7.671329e-03   4.652629e-05
  6.931714e-01   7.616921e-03   4.597154e-05
  6.983332e-01   7.407765e-03   4.566362e-05
  7.034950e-01   7.381218e-03   4.459262e-05
  7.086567e-01   7.265104e-03   4.507766e-05
  7.138185e-01   7.173824e-03   4.455999e-05
  7.189803e-01   7.098026e-03   4.374189e-05
  7.241420e-01   7.064552e-03   4.389896e-05
  7.293038e-01   6.907588e-03   4.364315e-05
  7.344655e-01   6.891384e-03   4.281725e-05
  7.396273e-01   6.722786e-03   4.278891e-05
  7.447891e-01   6.714591e-03   4.263817e-05
  7.499508e-01   6.671822e-03   4.203888e-05
  7.551126e-01   6.638146e-03   4.224243e-05
  7.602744e-01   6.473727e-03   4.206547e-05
  7.654361e-01   6.451641e-03   4.139574e-05
  7.705979e-01   6.312966e-03   4.166707e-05
  7.757596e-01   6.171228e-03   4.156427e-05
  7.809214e-01   6.154971e-03   4.102062e-05
  7.860831e-01   6.150223e-03   4.104236e-05
  7.912449e-01   5.975518e-03   4.078748e-05
  7.964066e-01   5.977177e-03   4.030044e-05
  8.015684e-01   5.865847e-03   4.053234e-05
  8.067302e-01   5.842070e-03   4.027798e-05
  8.118919e-01   5.754153e-03   3.972170e-05
  8.170537e-01   5.734887e-03   3.976297e-05
  8.222154e-01   5.656852e-03   3.936862e-05
  8.273772e-01   5.592836e-03   3.911742e-05
  8.325390e-01   5.517594e-03   3.906988e-05
  8.377007e-01   5.468060e-03   3.905654e-05
  8.428625e-01   5.444010e-03   3.855638e-05
  8.480242e-01   5.332380e-03   3.843258e-05
  8.531860e-01   5.263038e-03   3.845325e-05
  8.583478e-01   5.204631e-03   3.808824e-05
  8.635095e-01   5.213836e-03   3.814293e-05
  8.686713e-01   5.088512e-03   3.798095e-05
  8.738331e-01   5.026433e-03   3.763241e-05
  8.789948e-01   5.008316e-03   3.767951e-05
  8.841566e-01   4.889211e-03   3.763128e-05
  8.893183e-01   4.864727e-03   3.728875e-05
  8.944801e-01   4.807472e-03   3.711726e-05
  8.996419e-01   4.754638e-03   3.707531e-05
  9.048036e-01   4.723043e-03   3.669775e-05
  9.099654e-01   4.699782e-03   3.682602e-05
  9.151272e-01   4.676956e-03   3.663579e-05
  9.202889e-01   4.612071e-03   3.620863e-05
  9.254507e-01   4.473450e-03   3.644478e-05
  9.306124e-01   4.486017e-03   3.617278e-05
  9.357742e-01   4.440540e-03   3.590245e-05
  9.409359e-01   4.315244e-03   3.577401e-05
  9.460977e-01   4.291890e-03   3.576291e-05
  9.512594e-01   4.273646e-03   3.554202e-05
  9.564212e-01   4.242396e-03   3.546693e-05
  9.615830e-01   4.189401e-03   3.543179e-05
  9.667447e-01   4.152842e-03   3.498573e-05
  9.719065e-01   4.113464e-03   3.500993e-05
  9.770682e-01   4.045193e-03   3.494619e-05
  9.822300e-01   4.021583e-03   3.492461e-05
  9.873918e-01   4.004827e-03   3.545433e-05
  9.925535e-01   3.938848e-03   3.548797e-05
  9.977153e-01   3.830056e-03   3.547979e-05
  1.002877e+00   3.833288e-03   3.574774e-05
  1.008039e+00   3.830912e-03   3.587862e-05
  1.013201e+00   3.705378e-03   3.582935e-05
  1.018362e+00   3.657364e-03   3.601991e-05
  1.023524e+00   3.645895e-03   3.623516e-05
  1.028686e+00   3.601629e-03   3.578824e-05
  1.033848e+00   3.651329e-03   3.596902e-05
  1.039009e+00   3.513492e-03   3.590244e-05
  1.044171e+00   3.471715e-03   3.562570e-05
  1.049333e+00   3.469410e-03   3.566021e-05
  1.054495e+00   3.401566e-03   3.587041e-05
  1.059656e+00   3.344845e-03   3.566487e-05
  1.064818e+00   3.346032e-03   3.570954e-05
  1.069980e+00   3.297763e-03   3.584260e-05
  1.075142e+00   3.282286e-03   3.540083e-05
  1.080303e+00   3.180344e-03   3.556842e-05
  1.085465e+00   3.247019e-03   3.572706e-05
  1.090627e+00   3.209954e-03   3.529841e-05
  1.095789e+00   3.133909e-03   3.545911e-05
  1.100950e+00   3.101161e-03   3.564043e-05
  1.106112e+00   3.125569e-03   3.518557e-05
  1.111274e+00   2.984854e-03   3.583082e-05
  1.116436e+00   2.976743e-03   3.624555e-05
  1.121598e+00   2.954724e-03   3.633479e-05
  1.126759e+00   2.975457e-03   3.659894e-05
  1.131921e+00   2.868206e-03   3.692891e-05
  1.137083e+00   2.853554e-03   3.681990e-05
  1.142245e+00   2.876124e-03   3.667203e-05
  1.147406e+00   2.894323e-03   3.695819e-05
  1.152568e+00   2.763516e-03   3.691286e-05
  1.157730e+00   2.772913e-03   3.706354e-05
  1.162892e+00   2.694022e-03   3.683038e-05
  1.168053e+00   2.674662e-03   3.674484e-05
  1.173215e+00   2.601396e-03   3.684892e-05
  1.178377e+00   2.566030e-03   3.627668e-05
  1.183539e+00   2.532919e-03   3.567653e-05
  1.188700e+00   2.594236e-03   3.622595e-05
  1.193862e+00   2.513278e-03   3.610563e-05
  1.199024e+00   2.516443e-03   3.576139e-05
  1.204186e+00   2.441568e-03   3.635873e-05
  1.209347e+00   2.422935e-03   3.614830e-05
  1.214509e+00   2.422926e-03   3.587622e-05
  1.219671e+00   2.372849e-03   3.612247e-05
  1.224833e+00   2.334098e-03   3.599365e-05
  1.229995e+00   2.328709e-03   3.564262e-05
  1.235156e+00   2.293446e-03   3.622390e-05
  1.240318e+00   2.290043e-03   3.591051e-05
  1.245480e+00   2.299458e-03   3.583198e-05
  1.250642e+00   2.187886e-03   3.590163e-05
  1.255803e+00   2.198753e-03   3.581467e-05
  1.260965e+00   2.250539e-03   3.572051e-05
  1.266127e+00   2.203358e-03   3.598637e-05
  1.271289e+00   2.150726e-03   3.567254e-05
  1.276450e+00   2.159599e-03   3.549571e-05
  1.281612e+00   2.225596e-03   3.572721e-05
  1.286774e+00   2.142840e-03   3.553452e-05
  1.291936e+00   2.022556e-03   3.627447e-05
  1.297097e+00   2.038907e-03   3.651676e-05
  1.302259e+00   2.028309e-03   3.645569e-05
  1.307421e+00   2.002837e-03   3.687330e-05
  1.312583e+00   1.958997e-03   3.707446e-05
  1.317744e+00   1.940517e-03   3.695333e-05
  1.322906e+00   1.907733e-03   3.718237e-05
  1.328068e+00   1.875290e-03   3.770069e-05
  1.333230e+00   1.923882e-03   3.738301e-05
  1.338391e+00   1.869771e-03   3.794569e-05
  1.343553e+00   1.821286e-03   3.784255e-05
  1.348715e+00   1.784540e-03   3.779007e-05
  1.353877e+00   1.752128e-03   3.784038e-05
  1.359038e+00   1.737297e-03   3.740057e-05
  1.364200e+00   1.692986e-03   3.699345e-05
  1.369362e+00   1.773788e-03   3.651593e-05
  1.374524e+00   1.708700e-03   3.677621e-05
  1.379686e+00   1.733827e-03   3.669975e-05
  1.384847e+00   1.695941e-03   3.634244e-05
  1.390009e+00   1.607508e-03   3.648819e-05
  1.395171e+00   1.682292e-03   3.602606e-05
  1.400333e+00   1.629584e-03   3.608878e-05
  1.405494e+00   1.681683e-03   3.613803e-05
  1.410656e+00   1.617071e-03   3.593501e-05
  1.415818e+00   1.594963e-03   3.565568e-05
  1.420980e+00   1.544519e-03   3.606241e-05
  1.426141e+00   1.489864e-03   3.578799e-05
  1.431303e+00   1.526038e-03   3.560463e-05
  1.436465e+00   1.520738e-03   3.572871e-05
  1.441627e+00   1.457184e-03   3.553248e-05
  1.446788e+00   1.474499e-03   3.537338e-05
  1.451950e+00   1.503463e-03   3.561503e-05
  1.457112e+00   1.468240e-03   3.521699e-05
  1.462274e+00   1.423535e-03   3.509887e-05
  1.467435e+00   1.399791e-03   3.529693e-05
  1.472597e+00   1.335206e-03   3.533467e-05
  1.477759e+00   1.374647e-03   3.493531e-05
  1.482921e+00   1.349055e-03   3.516140e-05
  1.488083e+00   1.356076e-03   3.492115e-05
  1.493244e+00   1.418021e-03   3.486052e-05
  1.498406e+00   1.321145e-03   3.502034e-05
  1.503568e+00   1.320836e-03   3.471084e-05
  1.508730e+00   1.260326e-03   3.470071e-05
  1.513891e+00   1.302839e-03   3.492996e-05
  1.519053e+00   1.283529e-03   3.484413e-05
  1.524215e+00   1.210519e-03   3.468967e-05
  1.529377e+00   1.220876e-03   3.472034e-05
  1.534538e+00   1.265236e-03   3.475626e-05
  1.539700e+00   1.161169e-03   3.443135e-05
  1.544862e+00   1.193531e-03   3.475476e-05
  1.550024e+00   1.173835e-03   3.450962e-05
  1.555185e+00   1.150193e-03   3.440212e-05
  1.560347e+00   1.152695e-03   3.468947e-05
  1.565509e+00   1.135362e-03   3.454141e-05
  1.570671e+00   1.163845e-03   3.415126e-05
  1.575832e+00   1.143777e-03   3.448333e-05
  1.580994e+00   1.129600e-03   3.436904e-05
  1.586156e+00   1.043911e-03   3.417736e-05
  1.591318e+00   1.030757e-03   3.428786e-05
  1.596480e+00   1.108793e-03   3.413456e-05
  1.601641e+00   1.110249e-03   3.400749e-05
  1.606803e+00   1.063549e-03   3.426370e-05
  1.611965e+00   1.029591e-03   3.401936e-05
  1.617127e+00   1.044467e-03   3.394323e-05
  1.622288e+00   9.953057e-04   3.400403e-05
  1.627450e+00   1.010415e-03   3.403634e-05
  1.632612e+00   1.017145e-03   3.372228e-05
  1.637774e+00   9.030525e-04   3.398242e-05
  1.642935e+00   9.639340e-04   3.376452e-05
  1.648097e+00   9.143821e-04   3.373845e-05
  1.653259e+00   9.542544e-04   3.385629e-05
  1.658421e+00   9.467666e-04   3.381833e-05
  1.663582e+00   9.387098e-04   3.355067e-05
  1.668744e+00   9.071367e-04   3.378566e-05
  1.673906e+00   9.766095e-04   3.368810e-05
  1.679068e+00   9.224526e-04   3.340308e-05
  1.684229e+00   8.680052e-04   3.364115e-05
  1.689391e+00   8.611313e-04   3.356401e-05
  1.694553e+00   8.563032e-04   3.337992e-05
  1.699715e+00   9.231388e-04   3.386183e-05
  1.704876e+00   8.822849e-04   3.327252e-05
  1.710038e+00   8.809535e-04   3.331620e-05
  1.715200e+00   7.780835e-04   3.334972e-05
  1.720362e+00   7.902293e-04   3.327874e-05
  1.725523e+00   8.839302e-04   3.312844e-05
  1.730685e+00   8.098267e-04   3.333446e-05
  1.735847e+00   7.710309e-04   3.315350e-05
  1.741009e+00   8.216764e-04   3.302407e-05
  1.746171e+00   7.979454e-04   3.344461e-05
  1.751332e+00   7.457348e-04   3.307333e-05
  1.756494e+00   7.428205e-04   3.283585e-05
  1.761656e+00   7.677176e-04   3.303428e-05
  1.766818e+00   7.586070e-04   3.281380e-05
  1.771979e+00   7.457662e-04   3.275986e-05
  1.777141e+00   7.005051e-04   3.287171e-05
  1.782303e+00   7.261239e-04   3.274432e-05
  1.787465e+00   6.571405e-04   3.251986e-05
  1.792626e+00   7.533658e-04   3.287399e-05
  1.797788e+00   7.904355e-04   3.248004e-05
  1.802950e+00   7.069031e-04   3.227444e-05
  1.808112e+00   7.387630e-04   3.263709e-05
  1.813273e+00   7.194211e-04   3.242424e-05
  1.818435e+00   6.797957e-04   3.226350e-05
  1.823597e+00   7.172645e-04   3.248778e-05
  1.828759e+00   6.827638e-04   3.234816e-05
  1.833920e+00   6.939233e-04   3.229861e-05
  1.839082e+00   6.432506e-04   3.245048e-05
  1.844244e+00   6.409236e-04   3.227862e-05
  1.849406e+00   6.170130e-04   3.196911e-05
  1.854568e+00   6.051944e-04   3.234891e-05
  1.859729e+00   6.789304e-04   3.229333e-05
  1.864891e+00   6.528632e-04   3.199724e-05
  1.870053e+00   5.902509e-04   3.235559e-05
  1.875215e+00   6.190620e-04   3.213173e-05
  1.880376e+00   5.814542e-04   3.202390e-05
  1.885538e+00   6.323645e-04   3.224380e-05
  1.890700e+00   5.958821e-04   3.202292e-05
  1.895862e+00   6.070776e-04   3.188798e-05
  1.901023e+00   5.430036e-04   3.208584e-05
  1.906185e+00   5.735901e-04   3.200303e-05
  1.911347e+00   5.550507e-04   3.179324e-05
  1.916509e+00   5.903674e-04   3.208052e-05
  1.921670e+00   5.479848e-04   3.183203e-05
  1.926832e+00   5.452587e-04   3.201633e-05
  1.931994e+00   5.560730e-04   3.203491e-05
  1.937156e+00   5.219085e-04   3.175251e-05
  1.942317e+00   5.208012e-04   3.169991e-05
  1.947479e+00   5.442724e-04   3.193241e-05
  1.952641e+00   5.341307e-04   3.179116e-05
  1.957803e+00   5.028088e-04   3.166105e-05
  1.962964e+00   5.871931e-04   3.182882e-05
  1.968126e+00   5.163983e-04   3.172464e-05
  1.973288e+00   5.223210e-04   3.165852e-05
  1.978450e+00   4.683037e-04   3.180689e-05
  1.983611e+00   5.257151e-04   3.168031e-05
  1.988773e+00   4.737421e-04   3.149277e-05
  1.993935e+00   4.665371e-04   3.165510e-05
  1.999097e+00   4.728365e-04   3.147783e-05
  2.004259e+00   4.765892e-04   3.147433e-05
  2.009420e+00   4.977783e-04   3.169150e-05
  2.014582e+00   4.681826e-04   3.158323e-05
  2.019744e+00   4.847178e-04   3.146433e-05
  2.024906e+00   4.658511e-04   3.155474e-05
  2.030067e+00   4.460698e-04   3.146087e-05
  2.035229e+00   4.810996e-04   3.121836e-05
  2.040391e+00   4.624930e-04   3.151173e-05
  2.045553e+00   4.646451e-04   3.127957e-05
  2.050714e+00   4.186666e-04   3.126489e-05
  2.055876e+00   4.871568e-04   3.149947e-05
  2.061038e+00   4.471280e-04   3.128463e-05
  2.066200e+00   4.347266e-04   3.135325e-05
  2.071362e+00   4.365020e-04   3.138529e-05
  2.076523e+00   4.077940e-04   3.116877e-05
  2.081685e+00   4.513470e-04   3.112386e-05
  2.086847e+00   4.323189e-04   3.128816e-05
  2.092008e+00   4.230021e-04   3.121831e-05
  2.097170e+00   4.350583e-04   3.106401e-05
  2.102332e+00   4.412097e-04   3.123058e-05
  2.107494e+00   4.346593e-04   3.119142e-05
  2.112655e+00   4.012974e-04   3.190621e-05
  2.117817e+00   3.828926e-04   3.224853e-05
  2.122979e+00   4.051129e-04   3.223173e-05
  2.128141e+00   3.645191e-04   3.254569e-05
  2.133302e+00   3.963566e-04   3.286777e-05
  2.138464e+00   4.207514e-04   3.287093e-05
  2.143626e+00   3.896761e-04   3.325728e-05
  2.148788e+00   3.764811e-04   3.338273e-05
  2.153949e+00   3.484098e-04   3.335610e-05
  2.159111e+00   4.034764e-04   3.361764e-05
  2.164273e+00   3.920165e-04   3.373199e-05
  2.169435e+00   2.990508e-04   3.365350e-05
  2.174597e+00   4.160662e-04   3.352031e-05
  2.179758e+00   3.602194e-04   3.311698e-05
  2.184920e+00   3.679983e-04   3.266686e-05
  2.190082e+00   3.768846e-04   3.246798e-05
  2.195244e+00   3.468765e-04   3.263441e-05
  2.200405e+00   3.542653e-04   3.242704e-05
  2.205567e+00   3.651334e-04   3.209900e-05
  2.210729e+00   3.629992e-04   3.215388e-05
  2.215891e+00   4.095068e-04   3.197167e-05
  2.221052e+00   3.179533e-04   3.169635e-05
  2.226214e+00   3.122637e-04   3.195400e-05
  2.231376e+00   3.243154e-04   3.164828e-05
  2.236538e+00   3.215939e-04   3.177559e-05
  2.241699e+00   3.220602e-04   3.181445e-05
  2.246861e+00   3.656579e-04   3.170523e-05
  2.252023e+00   3.301484e-04   3.138010e-05
  2.257185e+00   3.084123e-04   3.166109e-05
  2.262347e+00   3.252435e-04   3.136385e-05
  2.267508e+00   3.023147e-04   3.134506e-05
  2.272670e+00   2.866942e-04   3.151155e-05
  2.277832e+00   3.363222e-04   3.135585e-05
  2.282994e+00   3.001088e-04   3.138340e-05
  2.288155e+00   3.446347e-04   3.163043e-05
  2.293317e+00   3.455538e-04   3.127000e-05
  2.298479e+00   3.149045e-04   3.127547e-05
  2.303641e+00   3.563681e-04   3.143713e-05
  2.308802e+00   3.052515e-04   3.113355e-05
  2.313964e+00   3.311483e-04   3.107346e-05
  2.319126e+00   3.020771e-04   3.133018e-05
  2.324288e+00   2.874564e-04   3.098988e-05
  2.329449e+00   3.060898e-04   3.122403e-05
  2.334611e+00   3.036688e-04   3.123918e-05
  2.339773e+00   3.162137e-04   3.101776e-05
  2.344935e+00   3.474548e-04   3.102020e-05
  2.350096e+00   2.880168e-04   3.108084e-05
  2.355258e+00   2.765345e-04   3.082058e-05
  2.360420e+00   3.031532e-04   3.096618e-05
  2.365582e+00   2.685852e-04   3.100479e-05
  2.370744e+00   2.471809e-04   3.091311e-05
  2.375905e+00   2.543590e-04   3.085390e-05
  2.381067e+00   2.942399e-04   3.114414e-05
  2.386229e+00   2.921641e-04   3.069600e-05
  2.391391e+00   2.908684e-04   3.078034e-05
  2.396552e+00   2.670923e-04   3.095796e-05
  2.401714e+00   3.112414e-04   3.070047e-05
  2.406876e+00   2.512385e-04   3.076372e-05
  2.412038e+00   2.496917e-04   3.083020e-05
  2.417199e+00   2.316410e-04   3.056700e-05
  2.422361e+00   2.468626e-04   3.078501e-05
  2.427523e+00   2.628866e-04   3.079241e-05
  2.432685e+00   2.749429e-04   3.058927e-05
  2.437846e+00   2.989566e-04   3.046595e-05
  2.443008e+00   2.402942e-04   3.056539e-05
  2.448170e+00   3.083047e-04   3.025035e-05
  2.453332e+00   2.579907e-04   3.046131e-05
  2.458493e+00   3.124968e-04   3.037763e-05
  2.463655e+00   2.631691e-04   3.023426e-05
  2.468817e+00   2.145005e-04   3.023333e-05
  2.473979e+00   2.793143e-04   3.033938e-05
  2.479141e+00   3.018798e-04   3.005906e-05
  2.484302e+00   2.644828e-04   3.022743e-05
  2.489464e+00   2.468312e-04   3.016863e-05
  2.494626e+00   2.789870e-04   3.003358e-05
  2.499788e+00   2.420114e-04   3.016391e-05
  2.504949e+00   3.414738e-04   3.018448e-05
  2.510111e+00   2.075511e-04   2.999331e-05
  2.515273e+00   1.100390e-04   3.007582e-05
  2.520435e+00   2.275252e-04   3.021673e-05
  2.525596e+00   2.534085e-04   2.995614e-05
  2.530758e+00   2.806325e-04   3.000659e-05
  2.535920e+00   2.267091e-04   3.012556e-05
  2.541082e+00   2.795474e-04   2.994333e-05
  2.546243e+00   2.556234e-04   3.001543e-05
  2.551405e+00   2.044081e-04   2.996981e-05
  2.556567e+00   2.933163e-04   2.993960e-05
  2.561729e+00   2.740282e-04   3.000513e-05
  2.566890e+00   2.497499e-04   3.003289e-05
  2.572052e+00   2.579324e-04   3.014539e-05
  2.577214e+00   2.635906e-04   3.067861e-05
  2.582376e+00   2.724097e-04   3.106753e-05
  2.587538e+00   2.368464e-04   3.123546e-05
  2.592699e+00   2.353220e-04   3.131862e-05
  2.597861e+00   2.206519e-04   3.138456e-05
  2.603023e+00   1.973556e-04   3.072852e-05
  2.608185e+00   1.802061e-04   3.070409e-05
  2.613346e+00   2.096224e-04   3.065820e-05
  2.618508e+00   2.650119e-04   3.038956e-05
  2.623670e+00   2.083491e-04   3.035186e-05
  2.628832e+00   2.406170e-04   3.037544e-05
  2.633993e+00   2.495079e-04   3.011713e-05
  2.639155e+00   2.388371e-04   3.027720e-05
  2.644317e+00   2.538658e-04   3.028002e-05
  2.649479e+00   2.373799e-04   3.023688e-05
  2.654640e+00   2.262429e-04   3.027614e-05
  2.659802e+00   2.003640e-04   3.028997e-05
  2.664964e+00   2.277583e-04   3.014983e-05
  2.670126e+00   2.365595e-04   3.023711e-05
  2.675287e+00   2.473558e-04   3.020426e-05
  2.680449e+00   1.861020e-04   3.000724e-05
  2.685611e+00   2.311344e-04   3.015171e-05
  2.690773e+00   2.365684e-04   3.003126e-05
  2.695935e+00   2.486336e-04   3.003823e-05
  2.701096e+00   2.269020e-04   3.016235e-05
  2.706258e+00   2.315289e-04   3.012353e-05
  2.711420e+00   2.685360e-04   2.999014e-05
  2.716581e+00   2.327844e-04   2.998698e-05
  2.721743e+00   2.288299e-04   2.999142e-05
  2.726905e+00   2.258797e-04   2.986896e-05
  2.732067e+00   2.298118e-04   3.008992e-05
  2.737228e+00   1.837077e-04   2.992785e-05
  2.742390e+00   1.616353e-04   2.984814e-05
  2.747552e+00   2.306457e-04   2.996948e-05
  2.752714e+00   3.080043e-04   2.994044e-05
  2.757875e+00   2.321342e-04   2.984464e-05
  2.763037e+00   2.250772e-04   2.979834e-05
  2.768199e+00   1.760678e-04   2.979102e-05
  2.773361e+00   2.234272e-04   2.964360e-05
  2.778522e+00   2.125412e-04   2.980776e-05
  2.783684e+00   2.311389e-04   2.978248e-05
  2.788846e+00   1.789910e-04   2.962393e-05
  2.794008e+00   1.426029e-04   2.976722e-05
  2.799170e+00   2.537852e-04   2.977410e-05
  2.804331e+00   1.859764e-04   2.950407e-05
  2.809493e+00   1.674549e-04   2.970738e-05
  2.814655e+00   1.978173e-04   2.953138e-05
  2.819817e+00   1.864920e-04   2.940599e-05
  2.824978e+00   2.163119e-04   2.962873e-05
  2.830140e+00   2.338111e-04   2.951614e-05
  2.835302e+00   1.949210e-04   2.943976e-05
  2.840464e+00   2.228354e-04   2.962526e-05
  2.845625e+00   2.312868e-04   2.967241e-05
  2.850787e+00   1.883796e-04   2.945867e-05
  2.855949e+00   1.688628e-04   2.960265e-05
  2.861111e+00   1.892852e-04   2.951493e-05
  2.866272e+00   2.225260e-04   2.940797e-05
  2.871434e+00   2.122857e-04   2.963934e-05
  2.876596e+00   2.550540e-04   2.940420e-05
  2.881758e+00   1.753101e-04   2.943737e-05
  2.886919e+00   1.659844e-04   2.943089e-05
  2.892081e+00   2.083267e-04   2.941416e-05
  2.897243e+00   1.413295e-04   2.915757e-05
  2.902405e+00   2.174373e-04   2.929919e-05
  2.907567e+00   2.013010e-04   2.926569e-05
  2.912728e+00   2.078381e-04   2.914792e-05
  2.917890e+00   2.325915e-04   2.942558e-05
  2.923052e+00   2.024489e-04   2.925801e-05
  2.928214e+00   1.777088e-04   2.950606e-05
  2.933375e+00   1.894825e-04   3.012452e-05
  2.938537e+00   1.768838e-04   3.037904e-05
  2.943699e+00   1.937105e-04   3.059615e-05
  2.948861e+00   1.924910e-04   3.087328e-05
  2.954022e+00   1.996781e-04   3.091484e-05
  2.959184e+00   2.020005e-04   3.122504e-05
  2.964346e+00   1.807576e-04   3.142096e-05
  2.969508e+00   1.941857e-04   3.127000e-05
  2.974669e+00   1.920650e-04   3.163258e-05
  2.979831e+00   1.747541e-04   3.191026e-05
  2.984993e+00   2.035608e-04   3.184870e-05
  2.990155e+00   1.729473e-04   3.188876e-05
  2.995317e+00   1.640968e-04   3.180289e-05
  3.000478e+00   1.791569e-04   3.116912e-05
  3.005640e+00   2.541259e-04   3.079948e-05
  3.010802e+00   1.909083e-04   3.093683e-05
  3.015964e+00   2.201408e-04   3.045962e-05
  3.021125e+00   2.178049e-04   3.040773e-05
  3.026287e+00   2.054393e-04   3.051907e-05
  3.031449e+00   1.647783e-04   3.029851e-05
  3.036611e+00   1.751711e-04   3.008502e-05
  3.041772e+00   1.608104e-04   3.026642e-05
  3.046934e+00   2.057711e-04   3.011116e-05
  3.052096e+00   1.891238e-04   3.000453e-05
  3.057258e+00   1.885230e-04   3.009552e-05
  3.062419e+00   1.996377e-04   2.999451e-05
  3.067581e+00   2.185716e-04   2.997198e-05
  3.072743e+00   1.696967e-04   3.019622e-05
  3.077905e+00   1.394598e-04   2.991752e-05
  3.083066e+00   2.238621e-04   2.983189e-05
  3.088228e+00   2.358869e-04   3.013839e-05
  3.093390e+00   2.579862e-04   2.992332e-05
  3.098552e+00   1.944189e-04   2.984558e-05
  3.103714e+00   1.624693e-04   2.996584e-05
  3.108875e+00   1.921277e-04   2.967681e-05
  3.114037e+00   1.852322e-04   2.981715e-05
  3.119199e+00   1.294347e-04   2.999093e-05
  3.124361e+00   1.570801e-04   2.967498e-05
  3.129522e+00   1.657423e-04   2.966566e-05
  3.134684e+00   2.038791e-04   2.981774e-05
  3.139846e+00   1.025381e-04   2.944655e-05
  3.145008e+00   2.000681e-04   2.959893e-05
  3.150169e+00   2.287536e-04   2.951288e-05
  3.155331e+00   1.909575e-04   2.943002e-05
  3.160493e+00   2.133169e-04   2.938274e-05
  3.165655e+00   1.666121e-04   2.953374e-05
  3.170816e+00   2.113217e-04   2.930989e-05
  3.175978e+00   2.102726e-04   2.935908e-05
  3.181140e+00   1.354292e-04   2.936074e-05
  3.186302e+00   1.396796e-04   2.921589e-05
  3.191463e+00   1.566631e-04   2.930815e-05
  3.196625e+00   1.511394e-04   2.938481e-05
  3.201787e+00   1.687373e-04   2.920959e-05
  3.206949e+00   1.759781e-04   2.936774e-05
  3.212111e+00   1.805200e-04   2.939895e-05
  3.217272e+00   1.942216e-04   2.919595e-05
  3.222434e+00   1.573850e-04   2.938795e-05
  3.227596e+00   1.855504e-04   2.945127e-05
  3.232758e+00   1.661996e-04   2.924944e-05
  3.237919e+00   1.775249e-04   2.939322e-05
  3.243081e+00   1.760095e-04   2.929410e-05
  3.248243e+00   1.710911e-04   2.931487e-05
  3.253405e+00   1.938898e-04   2.940814e-05
  3.258566e+00   1.884289e-04   2.954341e-05
  3.263728e+00   1.175086e-04   2.920764e-05
  3.268890e+00   1.927734e-04   2.943932e-05
  3.274052e+00   1.111689e-04   2.941035e-05
  3.279213e+00   2.413882e-04   2.931769e-05
  3.284375e+00   1.506866e-04   2.938441e-05
  3.289537e+00   2.261487e-04   2.941341e-05
  3.294699e+00   1.428001e-04   2.921892e-05
  3.299860e+00   1.696922e-04   2.947123e-05
  3.305022e+00   2.352772e-04   2.948111e-05
  3.310184e+00   1.623976e-04   2.923434e-05
  3.315346e+00   2.064526e-04   2.948330e-05
  3.320507e+00   1.367563e-04   2.931666e-05
  3.325669e+00   1.863261e-04   2.942440e-05
  3.330831e+00   2.383036e-04   2.933819e-05
  3.335993e+00   1.701720e-04   2.936679e-05
  3.341154e+00   1.851155e-04   2.917788e-05
  3.346316e+00   1.487900e-04   2.941526e-05
  3.351478e+00   2.104205e-04   2.922481e-05
  3.356640e+00   2.152628e-04   2.929232e-05
  3.361801e+00   1.741757e-04   2.942575e-05
  3.366963e+00   1.729338e-04   2.918415e-05
  3.372125e+00   1.657153e-04   2.916473e-05
  3.377287e+00   1.895901e-04   2.933505e-05
  3.382448e+00   1.229515e-04   2.931250e-05
  3.387610e+00   1.445711e-04   2.927624e-05
  3.392772e+00   1.634198e-04   2.940584e-05
  3.397934e+00   1.586986e-04   2.933231e-05
  3.403095e+00   1.904240e-04   2.929836e-05
  3.408257e+00   2.095328e-04   2.965509e-05
  3.413419e+00   2.022875e-04   2.930338e-05
  3.418581e+00   1.845955e-04   2.924247e-05
  3.423743e+00   1.751398e-04   2.944626e-05
  3.428904e+00   1.529822e-04   2.933777e-05
  3.434066e+00   1.681185e-04   2.925075e-05
  3.439228e+00   1.558382e-04   2.954274e-05
  3.444390e+00   1.700823e-04   2.933388e-05
  3.449551e+00   1.762606e-04   2.926481e-05
  3.454713e+00   1.146167e-04   2.953530e-05
  3.459875e+00   1.805469e-04   2.935909e-05
  3.465037e+00   1.447325e-04   2.921667e-05
  3.470198e+00   1.289819e-04   2.946946e-05
  3.475360e+00   1.816498e-04   2.934924e-05
  3.480522e+00   1.778433e-04   2.929310e-05
  3.485684e+00   1.630028e-04   2.948028e-05
  3.490845e+00   1.629087e-04   2.929481e-05
  3.496007e+00   1.935491e-04   2.929726e-05
  3.501169e+00   1.553988e-04   2.959320e-05
  3.506331e+00   1.660023e-04   2.940131e-05
  3.511492e+00   1.485166e-04   2.921018e-05
  3.516654e+00   1.074072e-04   2.958877e-05
  3.521816e+00   2.006196e-04   2.932370e-05
  3.526978e+00   1.744403e-04   2.934889e-05
  3.532140e+00   1.698581e-04   2.953213e-05
  3.537301e+00   2.132855e-04   2.942790e-05
  3.542463e+00   1.696878e-04   2.935438e-05
  3.547625e+00   1.583579e-04   2.959897e-05
  3.552787e+00   1.860347e-04   2.944741e-05
  3.557948e+00   2.119091e-04   2.927462e-05
  3.563110e+00   1.561969e-04   2.960627e-05
  3.568272e+00   1.719833e-04   2.939430e-05
  3.573434e+00   1.848062e-04   2.922955e-05
  3.578595e+00   1.839095e-04   2.956680e-05
  3.583757e+00   2.134559e-04   2.931816e-05
  3.588919e+00   1.388143e-04   2.939769e-05
  3.594081e+00   2.020498e-04   2.949358e-05
  3.599242e+00   1.867161e-04   2.939681e-05
  3.604404e+00   1.475347e-04   2.926899e-05
  3.609566e+00   1.675402e-04   2.965982e-05
  3.614728e+00   1.281480e-04   2.926615e-05
  3.619889e+00   1.353306e-04   2.942892e-05
  3.625051e+00   1.885096e-04   2.948441e-05
  3.630213e+00   1.712167e-04   2.937453e-05
  3.635375e+00   1.183963e-04   2.943475e-05
  3.640537e+00   1.989786e-04   2.970018e-05
  3.645698e+00   1.915853e-04   2.938247e-05
  3.650860e+00   1.527759e-04   2.948979e-05
  3.656022e+00   1.607566e-04   2.955528e-05
  3.661184e+00   1.837705e-04   2.936222e-05
  3.666345e+00   1.246956e-04   2.957177e-05
  3.671507e+00   1.684996e-04   2.955057e-05
  3.676669e+00   1.646976e-04   2.940725e-05
  3.681831e+00   1.859406e-04   2.949967e-05
  3.686992e+00   1.444411e-04   2.957299e-05
  3.692154e+00   9.960584e-05   2.937817e-05
  3.697316e+00   1.486825e-04   2.953964e-05
  3.702478e+00   1.478441e-04   2.950403e-05
  3.707639e+00   1.979743e-04   2.950390e-05
  3.712801e+00   1.242294e-04   2.949354e-05
  3.717963e+00   1.516551e-04   2.952614e-05
  3.723125e+00   2.093042e-04   2.928712e-05
  3.728287e+00   1.373482e-04   2.961010e-05
  3.733448e+00   1.541255e-04   2.959094e-05
  3.738610e+00   1.772514e-04   2.946018e-05
  3.743772e+00   1.409933e-04   2.955777e-05
  3.748934e+00   1.612318e-04   3.002941e-05
  3.754095e+00   1.972210e-04   3.043805e-05
  3.759257e+00   1.279014e-04   3.098459e-05
  3.764419e+00   1.920471e-04   3.096768e-05
  3.769581e+00   1.507628e-04   3.136513e-05
  3.774742e+00   1.544617e-04   3.151424e-05
  3.779904e+00   1.777267e-04   3.152917e-05
  3.785066e+00   1.350391e-04   3.167241e-05
  3.790228e+00   1.713063e-04   3.193775e-05
  3.795389e+00   1.293854e-04   3.162941e-05
  3.800551e+00   1.454454e-04   3.189923e-05
  3.805713e+00   1.480547e-04   3.190046e-05
  3.810875e+00   1.420872e-04   3.190165e-05
  3.816036e+00   1.566990e-04   3.098690e-05
  3.821198e+00   1.912221e-04   3.096362e-05
  3.826360e+00   1.523590e-04   3.062418e-05
  3.831522e+00   1.992476e-04   3.039336e-05
  3.836684e+00   1.470057e-04   3.073571e-05
  3.841845e+00   1.552104e-04   3.047809e-05
  3.847007e+00   1.868417e-04   3.034922e-05
  3.852169e+00   1.353440e-04   3.054110e-05
  3.857331e+00   9.633738e-05   3.036468e-05
  3.862492e+00   9.088542e-05   3.017045e-05
  3.867654e+00   1.405853e-04   3.052614e-05
  3.872816e+00   1.608911e-04   3.045374e-05
  3.877978e+00   1.896663e-04   3.033390e-05
  3.883139e+00   1.755926e-04   3.064489e-05
  3.888301e+00   1.546725e-04   3.040189e-05
  3.893463e+00   9.488476e-05   3.027225e-05
  3.898625e+00   1.519241e-04   3.059196e-05
  3.903786e+00   1.310892e-04   3.026955e-05
  3.908948e+00   1.524845e-04   3.025695e-05
  3.914110e+00   1.844699e-04   3.049765e-05
  3.919272e+00   1.893614e-04   3.035990e-05
  3.924433e+00   1.065150e-04   3.014176e-05
  3.929595e+00   1.646886e-04   3.058914e-05
  3.934757e+00   1.401727e-04   3.046585e-05
  3.939919e+00   1.727545e-04   3.026879e-05
  3.945080e+00   1.038025e-04   3.054289e-05
  3.950242e+00   1.545873e-04   3.037661e-05
  3.955404e+00   1.385856e-04   3.028074e-05
  3.960566e+00   1.450957e-04   3.066200e-05
  3.965727e+00   1.450329e-04   3.046051e-05
  3.970889e+00   1.566183e-04   3.052513e-05
  3.976051e+00   1.623303e-04   3.073710e-05
  3.981213e+00   2.162626e-04   3.041313e-05
  3.986374e+00   1.890835e-04   3.050285e-05
  3.991536e+00   1.636708e-04   3.076852e-05
  3.996698e+00   1.657692e-04   3.043440e-05
  4.001860e+00   1.159259e-04   3.054097e-05
  4.007021e+00   1.381596e-04   3.073896e-05
  4.012183e+00   1.249153e-04   3.042839e-05
  4.017345e+00   2.420966e-04   3.080376e-05
  4.022507e+00   1.233954e-04   3.073323e-05
  4.027668e+00   1.370433e-04   3.062605e-05
  4.032830e+00   1.477723e-04   3.069635e-05
  4.037992e+00   1.148768e-04   3.078018e-05
  4.043154e+00   1.152803e-04   3.047341e-05
  4.048316e+00   1.137514e-04   3.075148e-05
  4.053477e+00   1.483821e-04   3.078935e-05
  4.058639e+00   1.363214e-04   3.067175e-05
  4.063801e+00   1.763996e-04   3.083924e-05
  4.068963e+00   1.635543e-04   3.069265e-05
  4.074124e+00   1.076493e-04   3.077604e-05
  4.079286e+00   8.201700e-05   3.089823e-05
  4.084448e+00   1.089719e-04   3.068453e-05
  4.089610e+00   1.510946e-04   3.085309e-05
  4.094771e+00   1.620882e-04   3.097569e-05
  4.099933e+00   1.180959e-04   3.069079e-05
  4.105095e+00   1.483731e-04   3.080694e-05
  4.110257e+00   8.403461e-05   3.099191e-05
  4.115418e+00   1.514309e-04   3.097277e-05
  4.120580e+00   1.496868e-04   3.092118e-05
  4.125742e+00   1.459655e-04   3.105950e-05
  4.130904e+00   1.515519e-04   3.083062e-05
  4.136065e+00   1.470953e-04   3.106680e-05
  4.141227e+00   1.794439e-04   3.113289e-05
  4.146389e+00   1.192975e-04   3.098357e-05
  4.151551e+00   1.349091e-04   3.100427e-05
  4.156713e+00   2.034307e-04   3.127955e-05
  4.161874e+00   2.004178e-04   3.101177e-05
  4.167036e+00   1.460237e-04   3.116767e-05
  4.172198e+00   1.490904e-04   3.137457e-05
  4.177360e+00   1.732791e-04   3.108158e-05
  4.182521e+00   1.832863e-04   3.118433e-05
  4.187683e+00   1.577751e-04   3.144871e-05
  4.192845e+00   1.604338e-04   3.109241e-05
  4.198007e+00   1.389263e-04   3.131680e-05
  4.203168e+00   1.023319e-04   3.143980e-05
  4.208330e+00   1.455575e-04   3.121285e-05
  4.213492e+00   1.910831e-04   3.133542e-05
  4.218654e+00   1.227498e-04   3.143678e-05
  4.223815e+00   1.050982e-04   3.117732e-05
  4.228977e+00   1.180600e-04   3.134125e-05
  4.234139e+00   1.423831e-04   3.157465e-05
  4.239301e+00   1.289819e-04   3.113790e-05
  4.244462e+00   1.370029e-04   3.139889e-05
  4.249624e+00   6.464339e-05   3.149201e-05
  4.254786e+00   1.573492e-04   3.120412e-05
  4.259948e+00   9.594285e-05   3.145971e-05
  4.265110e+00   1.342097e-04   3.164797e-05
  4.270271e+00   1.089450e-04   3.132035e-05
  4.275433e+00   1.977905e-04   3.229328e-05
  4.280595e+00   1.924102e-04   3.268919e-05
  4.285757e+00   1.139666e-04   3.313736e-05
  4.290918e+00   1.335909e-04   3.326581e-05
  4.296080e+00   1.914194e-04   3.352958e-05
  4.301242e+00   1.631912e-04   3.354769e-05
  4.306404e+00   1.438268e-04   3.358168e-05
  4.311565e+00   1.726738e-04   3.366064e-05
  4.316727e+00   9.325270e-05   3.393819e-05
  4.321889e+00   1.083398e-04   3.406168e-05
  4.327051e+00   1.603710e-04   3.414959e-05
  4.332212e+00   1.126933e-04   3.415578e-05
  4.337374e+00   9.386697e-05   3.436794e-05
  4.342536e+00   8.843290e-05   3.438003e-05
  4.347698e+00   2.047669e-04   3.449119e-05
  4.352859e+00   1.259959e-04   3.462004e-05
  4.358021e+00   1.396302e-04   3.483948e-05
  4.363183e+00   1.305646e-04   3.486084e-05
  4.368345e+00   1.405270e-04   3.495704e-05
  4.373507e+00   1.406615e-04   3.507381e-05
  4.378668e+00   1.279372e-04   3.502480e-05
  4.383830e+00   8.036262e-05   3.517260e-05
  4.388992e+00   1.049054e-04   3.516073e-05
  4.394154e+00   1.213285e-04   3.540726e-05
  4.399315e+00   1.385766e-04   3.530606e-05
  4.404477e+00   1.382045e-04   3.565951e-05
  4.409639e+00   1.029282e-04   3.553042e-05
  4.414801e+00   2.112993e-04   3.572134e-05
  4.419962e+00   1.642134e-04   3.595580e-05
  4.425124e+00   1.250364e-04   3.599560e-05
  4.430286e+00   1.207143e-04   3.600808e-05
  4.435448e+00   2.112186e-04   3.587905e-05
  4.440609e+00   1.435219e-04   3.608337e-05
  4.445771e+00   1.537488e-04   3.624153e-05
  4.450933e+00   1.101915e-04   3.645185e-05
  4.456095e+00   1.017266e-04   3.640808e-05
  4.461257e+00   1.463914e-04   3.643795e-05
  4.466418e+00   1.457816e-04   3.663351e-05
  4.471580e+00   1.436833e-04   3.674430e-05
  4.476742e+00   1.312327e-04   3.661039e-05
  4.481904e+00   1.463600e-04   3.663560e-05
  4.487065e+00   8.727619e-05   3.646782e-05
  4.492227e+00   1.075282e-04   3.665529e-05
  4.497389e+00   2.225619e-04   3.662898e-05
  4.502551e+00   1.717995e-04   3.676225e-05
  4.507712e+00   1.798474e-04   3.668439e-05
  4.512874e+00   1.239559e-04   3.680776e-05
  4.518036e+00   1.371912e-04   3.694394e-05
  4.523198e+00   1.539955e-04   3.669361e-05
  4.528359e+00   1.597209e-04   3.674914e-05
  4.533521e+00   1.448177e-04   3.671714e-05
  4.538683e+00   1.206291e-04   3.682518e-05
  4.543845e+00   1.451943e-04   3.680424e-05
  4.549006e+00   1.079721e-04   3.683010e-05
  4.554168e+00   1.483551e-04   3.665711e-05
  4.559330e+00   1.112630e-04   3.671588e-05
  4.564492e+00   1.132941e-04   3.685249e-05
  4.569654e+00   1.532647e-04   3.693362e-05
  4.574815e+00   1.587525e-04   3.669426e-05
  4.579977e+00   5.753701e-05   3.684909e-05
  4.585139e+00   1.007268e-04   3.665579e-05
  4.590301e+00   1.710328e-04   3.690644e-05
  4.595462e+00   8.629427e-05   3.677795e-05
  4.600624e+00   1.176251e-04   3.703048e-05
  4.605786e+00   1.200149e-04   3.704392e-05
  4.610948e+00   9.708616e-05   3.713845e-05
  4.616109e+00   1.024798e-04   3.737723e-05
  4.621271e+00   1.115679e-04   3.723825e-05
  4.626433e+00   8.727169e-05   3.731462e-05
  4.631595e+00   1.170513e-04   3.752493e-05
  4.636756e+00   1.465259e-04   3.763187e-05
  4.641918e+00   1.516730e-04   3.770531e-05
  4.647080e+00   1.715798e-04   3.780718e-05
  4.652242e+00   1.410470e-04   3.791446e-05
  4.657403e+00   1.055421e-04   3.791245e-05
  4.662565e+00   1.472702e-04   3.832235e-05
  4.667727e+00   1.047395e-04   3.837092e-05
  4.672889e+00   1.139576e-04   3.820606e-05
  4.678051e+00   9.588458e-05   3.837434e-05
  4.683212e+00   1.497271e-04   3.849602e-05
  4.688374e+00   1.532557e-04   3.881298e-05
  4.693536e+00   1.059501e-04   3.880569e-05
  4.698698e+00   1.397513e-04   3.894631e-05
  4.703859e+00   1.475706e-04   3.907715e-05
  4.709021e+00   4.753876e-05   3.930937e-05
  4.714183e+00   9.232463e-05   3.939455e-05
  4.719345e+00   6.662510e-05   3.955041e-05
  4.724506e+00   6.756216e-05   3.964129e-05
  4.729668e+00   1.474943e-04   3.966688e-05
  4.734830e+00   1.024170e-04   3.992091e-05
  4.739992e+00   1.113482e-04   3.983887e-05
  4.745153e+00   1.477006e-04   4.003900e-05
  4.750315e+00   8.047024e-05   4.038910e-05
  4.755477e+00   1.525607e-04   4.027885e-05
  4.760639e+00   2.054663e-04   4.067312e-05
  4.765800e+00   1.389757e-04   4.093327e-05
  4.770962e+00   1.465573e-04   4.062767e-05
  4.776124e+00   1.372450e-04   4.091030e-05
  4.781286e+00   1.932487e-04   4.089988e-05
  4.786448e+00   1.706876e-04   4.104355e-05
  4.791609e+00   1.358462e-04   4.126522e-05
  4.796771e+00   1.861512e-04   4.142346e-05
  4.801933e+00   9.110957e-05   4.145945e-05
  4.807095e+00   1.265653e-04   4.178203e-05
  4.812256e+00   1.091917e-04   4.175751e-05
  4.817418e+00   7.986941e-05   4.214296e-05
  4.822580e+00   1.434726e-04   4.191009e-05
  4.827742e+00   1.279372e-04   4.219805e-05
  4.832903e+00   1.590349e-04   4.215603e-05
  4.838065e+00   1.332054e-04   4.228020e-05
  4.843227e+00   1.081425e-04   4.259387e-05
  4.848388e+00   1.203152e-04   4.268341e-05
  4.853550e+00   1.214675e-04   4.297198e-05
  4.858712e+00   2.740776e-05   4.286718e-05
  4.863873e+00   1.067705e-04   4.329422e-05
  4.869035e+00   7.256576e-05   4.329005e-05
  4.874197e+00   5.985499e-05   4.322034e-05
  4.879359e+00   1.018476e-04   4.340255e-05
  4.884521e+00   6.724831e-05   4.350992e-05
  4.889682e+00   1.629266e-04   4.352601e-05
  4.894844e+00   1.343352e-04   4.343836e-05
  4.900006e+00   1.039594e-04   4.366565e-05
  4.905168e+00   6.607811e-05   4.382440e-05
  4.910329e+00   1.135900e-04   4.405225e-05
  4.915491e+00   9.417186e-05   4.483027e-05
  4.920653e+00   8.852712e-05   4.437932e-05
  4.925815e+00   1.544976e-04   4.479734e-05
  4.930976e+00   8.062265e-05   4.490576e-05
  4.936138e+00   1.429929e-04   4.504583e-05
  4.941300e+00   1.388770e-04   4.538582e-05
  4.946462e+00   1.701227e-04   4.576651e-05
  4.951623e+00   1.340527e-04   4.577212e-05
  4.956785e+00   1.064611e-04   4.614694e-05
  4.961947e+00   1.594071e-04   4.629597e-05
  4.967109e+00   5.760426e-05   4.693052e-05
  4.972270e+00   1.443962e-04   4.671428e-05
  4.977432e+00   2.216114e-04   4.696675e-05
  4.982594e+00   1.822596e-04   4.717250e-05
  4.987756e+00   3.683211e-05   4.748361e-05
  4.992918e+00   5.143045e-05   4.752226e-05
  4.998079e+00   1.677016e-04   4.785758e-05
  5.003241e+00   7.956453e-05   4.826612e-05
  5.008403e+00   1.162352e-04   4.831252e-05
  5.013565e+00   1.884379e-04   4.873142e-05
  5.018726e+00   1.143701e-04   4.920613e-05
  5.023888e+00   1.366487e-04   4.900984e-05
  5.029050e+00   6.662061e-05   4.910503e-05
  5.034212e+00   1.085505e-04   4.938440e-05
  5.039373e+00   6.348664e-05   4.966722e-05
  5.044535e+00   4.573639e-05   4.989798e-05
  5.049697e+00   1.604383e-04   4.949250e-05
  5.054859e+00   1.233461e-04   5.020888e-05
  5.060020e+00   1.416837e-04   5.082814e-05
  5.065182e+00   4.044583e-05   5.149246e-05
  5.070344e+00   9.198387e-05   5.205308e-05
  5.075506e+00   7.376286e-05   5.241477e-05
  5.080667e+00   1.095952e-04   5.297924e-05
  5.085829e+00   1.710911e-04   5.329237e-05
  5.090991e+00   9.798285e-05   5.406259e-05
  5.096153e+00   1.513098e-04   5.438684e-05
  5.101315e+00   3.449171e-05   5.490029e-05
  5.106476e+00   1.536906e-04   5.572410e-05
  5.111638e+00   1.249019e-04   5.652678e-05
  5.116800e+00   1.053223e-04   5.769917e-05
  5.121962e+00   1.433202e-04   5.780154e-05
  5.127123e+00   9.935031e-05   5.829746e-05
  5.132285e+00   2.035922e-04   5.917421e-05
  5.137447e+00   2.153255e-04   5.960328e-05
  5.142609e+00   1.505745e-04   6.110302e-05
  5.147770e+00   8.910994e-05   6.250793e-05
  5.152932e+00   1.392537e-04   6.343893e-05
  5.158094e+00   1.058335e-04   6.480586e-05
  5.163256e+00   1.681185e-04   6.566469e-05
  5.168417e+00  -3.893040e-05   6.878365e-05
  5.173579e+00   1.657198e-04   7.209258e-05
  5.178741e+00   1.473598e-04   7.240225e-05
  5.183903e+00   1.070440e-04   7.393682e-05
  5.189065e+00   6.697033e-05   7.432644e-05
  5.194226e+00   1.751532e-04   7.936843e-05
  5.199388e+00   1.174233e-04   8.345228e-05
  5.204550e+00   2.436389e-04   8.803853e-05
  5.209712e+00  -6.641438e-05   1.262731e-04
range-from: 1
range-to: 1000
Buffer: NaP
Code: TipAS_NaP
Concentration: 1.79
Measurement Temperature (degrees C): 35.0
Storage Temperature (degrees C): 35.0
datop-operation: /media/alessandra/TOSHIBA_EXT/Post-Doc/DAbramo/TipAS/20230120_BM29/TipAStrend_35deg_sc/sub_001.dat DIV 1.79
range-from: 1
range-to: 1000
parent: TipAS_NaP_35deg_1-2_ave_sub.dat
creator: datop
creator-version: v0.4 (r12314)
datop-operation: TipAS_NaP_35deg_1-2_ave_sub.dat MUL 0.00080255
