Sample description: Sample c= 1.79 mg/ml
Sample: Sample c= 1.79   c= 1.79 mg/ml  Code: TipAS_NaP
Parent(s): TipAS_NaP_30degBACK_1-2_ave_sub.dat
  5.311318e-02   2.638107e-02   1.119442e-03
  5.827494e-02   2.782930e-02   7.561456e-04
  6.343670e-02   2.861226e-02   5.806534e-04
  6.859846e-02   2.772183e-02   4.785354e-04
  7.376022e-02   2.681068e-02   4.181294e-04
  7.892198e-02   2.727607e-02   3.687967e-04
  8.408374e-02   2.646272e-02   3.273863e-04
  8.924550e-02   2.586551e-02   2.861864e-04
  9.440726e-02   2.562439e-02   2.623265e-04
  9.956902e-02   2.538417e-02   2.425412e-04
  1.047308e-01   2.551701e-02   2.200740e-04
  1.098925e-01   2.503311e-02   2.025625e-04
  1.150543e-01   2.477445e-02   1.893655e-04
  1.202161e-01   2.450922e-02   1.776103e-04
  1.253778e-01   2.413929e-02   1.694881e-04
  1.305396e-01   2.427008e-02   1.599076e-04
  1.357013e-01   2.413880e-02   1.503496e-04
  1.408631e-01   2.389930e-02   1.453102e-04
  1.460249e-01   2.376001e-02   1.362473e-04
  1.511866e-01   2.357272e-02   1.333647e-04
  1.563484e-01   2.356952e-02   1.278338e-04
  1.615101e-01   2.329821e-02   1.223809e-04
  1.666719e-01   2.264248e-02   1.194654e-04
  1.718337e-01   2.288804e-02   1.159243e-04
  1.769954e-01   2.271926e-02   1.111152e-04
  1.821572e-01   2.247855e-02   1.086393e-04
  1.873190e-01   2.246256e-02   1.060012e-04
  1.924807e-01   2.219605e-02   1.032166e-04
  1.976425e-01   2.200062e-02   1.012608e-04
  2.028042e-01   2.177130e-02   9.908435e-05
  2.079660e-01   2.164285e-02   9.568146e-05
  2.131277e-01   2.133607e-02   9.472514e-05
  2.182895e-01   2.130945e-02   9.351497e-05
  2.234513e-01   2.102335e-02   9.106158e-05
  2.286130e-01   2.105873e-02   9.034883e-05
  2.337748e-01   2.088006e-02   8.858314e-05
  2.389365e-01   2.052038e-02   8.582566e-05
  2.440983e-01   2.061998e-02   8.534790e-05
  2.492601e-01   2.031042e-02   8.436398e-05
  2.544218e-01   2.016555e-02   8.218176e-05
  2.595836e-01   2.002024e-02   8.152945e-05
  2.647454e-01   1.988797e-02   8.018017e-05
  2.699071e-01   1.949077e-02   7.797257e-05
  2.750689e-01   1.947213e-02   7.835632e-05
  2.802306e-01   1.928768e-02   7.678969e-05
  2.853924e-01   1.904553e-02   7.513877e-05
  2.905541e-01   1.891993e-02   7.557425e-05
  2.957159e-01   1.877653e-02   7.647302e-05
  3.008777e-01   1.846467e-02   7.625655e-05
  3.060394e-01   1.837506e-02   7.681251e-05
  3.112012e-01   1.812013e-02   7.552682e-05
  3.163629e-01   1.806774e-02   7.507223e-05
  3.215247e-01   1.783496e-02   7.523251e-05
  3.266865e-01   1.760413e-02   7.458958e-05
  3.318482e-01   1.748132e-02   7.404492e-05
  3.370100e-01   1.724131e-02   7.336463e-05
  3.421718e-01   1.704072e-02   7.324614e-05
  3.473335e-01   1.702823e-02   7.312894e-05
  3.524953e-01   1.682465e-02   7.271677e-05
  3.576570e-01   1.654637e-02   7.021214e-05
  3.628188e-01   1.635184e-02   6.755131e-05
  3.679805e-01   1.623006e-02   6.773437e-05
  3.731423e-01   1.606047e-02   6.642181e-05
  3.783041e-01   1.593185e-02   6.477493e-05
  3.834658e-01   1.581524e-02   6.446068e-05
  3.886276e-01   1.548203e-02   6.359590e-05
  3.937894e-01   1.538287e-02   6.252542e-05
  3.989511e-01   1.512726e-02   6.236248e-05
  4.041129e-01   1.500005e-02   6.171246e-05
  4.092746e-01   1.500839e-02   6.005038e-05
  4.144364e-01   1.462948e-02   5.993968e-05
  4.195982e-01   1.455292e-02   5.960064e-05
  4.247599e-01   1.442942e-02   5.838865e-05
  4.299217e-01   1.431633e-02   5.838636e-05
  4.350834e-01   1.415550e-02   5.752710e-05
  4.402452e-01   1.399944e-02   5.650822e-05
  4.454069e-01   1.388440e-02   5.647267e-05
  4.505687e-01   1.378124e-02   5.631601e-05
  4.557305e-01   1.352379e-02   5.470172e-05
  4.608922e-01   1.338228e-02   5.496638e-05
  4.660540e-01   1.322359e-02   5.446392e-05
  4.712158e-01   1.307937e-02   5.503144e-05
  4.763775e-01   1.298239e-02   5.550072e-05
  4.815393e-01   1.277523e-02   5.541464e-05
  4.867010e-01   1.260704e-02   5.500216e-05
  4.918628e-01   1.260280e-02   5.553426e-05
  4.970246e-01   1.242365e-02   5.510470e-05
  5.021863e-01   1.224501e-02   5.484250e-05
  5.073481e-01   1.207490e-02   5.471190e-05
  5.125098e-01   1.193039e-02   5.467926e-05
  5.176716e-01   1.193088e-02   5.449628e-05
  5.228333e-01   1.179773e-02   5.439312e-05
  5.279951e-01   1.169193e-02   5.448481e-05
  5.331569e-01   1.148849e-02   5.314921e-05
  5.383186e-01   1.124787e-02   5.259850e-05
  5.434804e-01   1.122853e-02   5.196789e-05
  5.486422e-01   1.106556e-02   5.066162e-05
  5.538039e-01   1.096256e-02   5.038427e-05
  5.589657e-01   1.080105e-02   5.000994e-05
  5.641274e-01   1.081470e-02   4.904648e-05
  5.692892e-01   1.066786e-02   4.928011e-05
  5.744510e-01   1.046561e-02   4.899975e-05
  5.796127e-01   1.035765e-02   4.785696e-05
  5.847745e-01   1.033680e-02   4.773150e-05
  5.899363e-01   1.016614e-02   4.764072e-05
  5.950980e-01   1.003754e-02   4.677172e-05
  6.002598e-01   9.902488e-03   4.666209e-05
  6.054215e-01   9.809609e-03   4.649715e-05
  6.105833e-01   9.693745e-03   4.572096e-05
  6.157451e-01   9.538218e-03   4.569087e-05
  6.209068e-01   9.470676e-03   4.551669e-05
  6.260686e-01   9.322011e-03   4.462279e-05
  6.312303e-01   9.253305e-03   4.474475e-05
  6.363921e-01   9.224149e-03   4.482269e-05
  6.415538e-01   9.125210e-03   4.366557e-05
  6.467156e-01   8.989146e-03   4.386346e-05
  6.518773e-01   8.942831e-03   4.374564e-05
  6.570391e-01   8.743028e-03   4.309478e-05
  6.622009e-01   8.765419e-03   4.379358e-05
  6.673626e-01   8.659137e-03   4.422881e-05
  6.725244e-01   8.554878e-03   4.366044e-05
  6.776862e-01   8.407979e-03   4.395919e-05
  6.828479e-01   8.265904e-03   4.442994e-05
  6.880097e-01   8.297741e-03   4.326284e-05
  6.931714e-01   8.202125e-03   4.279547e-05
  6.983332e-01   8.096245e-03   4.250761e-05
  7.034950e-01   7.965806e-03   4.151967e-05
  7.086567e-01   7.793419e-03   4.188056e-05
  7.138185e-01   7.764546e-03   4.145064e-05
  7.189803e-01   7.691007e-03   4.069036e-05
  7.241420e-01   7.678108e-03   4.081443e-05
  7.293038e-01   7.548194e-03   4.060234e-05
  7.344655e-01   7.488742e-03   3.977799e-05
  7.396273e-01   7.352914e-03   3.975330e-05
  7.447891e-01   7.241431e-03   3.958788e-05
  7.499508e-01   7.159687e-03   3.905971e-05
  7.551126e-01   7.150209e-03   3.925053e-05
  7.602744e-01   7.083620e-03   3.905252e-05
  7.654361e-01   6.995344e-03   3.845279e-05
  7.705979e-01   6.893021e-03   3.869089e-05
  7.757596e-01   6.764470e-03   3.851524e-05
  7.809214e-01   6.783319e-03   3.809743e-05
  7.860831e-01   6.711093e-03   3.808866e-05
  7.912449e-01   6.597585e-03   3.787628e-05
  7.964066e-01   6.531287e-03   3.738551e-05
  8.015684e-01   6.441867e-03   3.760468e-05
  8.067302e-01   6.421669e-03   3.735381e-05
  8.118919e-01   6.286836e-03   3.681432e-05
  8.170537e-01   6.233836e-03   3.684085e-05
  8.222154e-01   6.209401e-03   3.646932e-05
  8.273772e-01   6.110522e-03   3.624784e-05
  8.325390e-01   6.011862e-03   3.613924e-05
  8.377007e-01   6.003917e-03   3.613749e-05
  8.428625e-01   5.954060e-03   3.569086e-05
  8.480242e-01   5.869299e-03   3.558845e-05
  8.531860e-01   5.865632e-03   3.566859e-05
  8.583478e-01   5.755064e-03   3.523372e-05
  8.635095e-01   5.699804e-03   3.526865e-05
  8.686713e-01   5.628875e-03   3.512806e-05
  8.738331e-01   5.536837e-03   3.477025e-05
  8.789948e-01   5.417737e-03   3.477835e-05
  8.841566e-01   5.480071e-03   3.481874e-05
  8.893183e-01   5.344692e-03   3.445164e-05
  8.944801e-01   5.314665e-03   3.430545e-05
  8.996419e-01   5.277215e-03   3.431091e-05
  9.048036e-01   5.183926e-03   3.385138e-05
  9.099654e-01   5.111459e-03   3.399541e-05
  9.151272e-01   5.046076e-03   3.380369e-05
  9.202889e-01   4.969076e-03   3.340220e-05
  9.254507e-01   4.980513e-03   3.363138e-05
  9.306124e-01   4.948846e-03   3.337358e-05
  9.357742e-01   4.863207e-03   3.310377e-05
  9.409359e-01   4.740098e-03   3.293065e-05
  9.460977e-01   4.756189e-03   3.300487e-05
  9.512594e-01   4.643492e-03   3.272873e-05
  9.564212e-01   4.631920e-03   3.272422e-05
  9.615830e-01   4.601485e-03   3.262060e-05
  9.667447e-01   4.537066e-03   3.222058e-05
  9.719065e-01   4.553041e-03   3.229103e-05
  9.770682e-01   4.422916e-03   3.221849e-05
  9.822300e-01   4.350511e-03   3.214890e-05
  9.873918e-01   4.380583e-03   3.266925e-05
  9.925535e-01   4.319696e-03   3.262584e-05
  9.977153e-01   4.201578e-03   3.264799e-05
  1.002877e+00   4.210581e-03   3.285317e-05
  1.008039e+00   4.141118e-03   3.297606e-05
  1.013201e+00   4.062773e-03   3.295463e-05
  1.018362e+00   4.091539e-03   3.314881e-05
  1.023524e+00   4.008472e-03   3.330625e-05
  1.028686e+00   3.978308e-03   3.286888e-05
  1.033848e+00   3.957939e-03   3.299454e-05
  1.039009e+00   3.857853e-03   3.297026e-05
  1.044171e+00   3.842067e-03   3.275823e-05
  1.049333e+00   3.853370e-03   3.280103e-05
  1.054495e+00   3.687690e-03   3.291456e-05
  1.059656e+00   3.687103e-03   3.267634e-05
  1.064818e+00   3.693407e-03   3.275525e-05
  1.069980e+00   3.538510e-03   3.288945e-05
  1.075142e+00   3.572114e-03   3.246950e-05
  1.080303e+00   3.532130e-03   3.264980e-05
  1.085465e+00   3.527086e-03   3.279617e-05
  1.090627e+00   3.463998e-03   3.238074e-05
  1.095789e+00   3.375243e-03   3.248281e-05
  1.100950e+00   3.433197e-03   3.268098e-05
  1.106112e+00   3.414263e-03   3.230624e-05
  1.111274e+00   3.327811e-03   3.282929e-05
  1.116436e+00   3.301964e-03   3.323912e-05
  1.121598e+00   3.272691e-03   3.332928e-05
  1.126759e+00   3.182335e-03   3.357043e-05
  1.131921e+00   3.183308e-03   3.383189e-05
  1.137083e+00   3.073359e-03   3.366706e-05
  1.142245e+00   3.110365e-03   3.361437e-05
  1.147406e+00   3.142477e-03   3.387665e-05
  1.152568e+00   3.011033e-03   3.377376e-05
  1.157730e+00   3.010576e-03   3.394474e-05
  1.162892e+00   2.967086e-03   3.376000e-05
  1.168053e+00   2.979765e-03   3.367554e-05
  1.173215e+00   2.885140e-03   3.378354e-05
  1.178377e+00   2.876541e-03   3.314648e-05
  1.183539e+00   2.811225e-03   3.266021e-05
  1.188700e+00   2.811691e-03   3.314243e-05
  1.193862e+00   2.763296e-03   3.305293e-05
  1.199024e+00   2.736763e-03   3.270015e-05
  1.204186e+00   2.708772e-03   3.324159e-05
  1.209347e+00   2.660687e-03   3.305773e-05
  1.214509e+00   2.677504e-03   3.281389e-05
  1.219671e+00   2.671070e-03   3.304225e-05
  1.224833e+00   2.604580e-03   3.288587e-05
  1.229995e+00   2.585301e-03   3.258580e-05
  1.235156e+00   2.574369e-03   3.311177e-05
  1.240318e+00   2.497239e-03   3.281849e-05
  1.245480e+00   2.506530e-03   3.270573e-05
  1.250642e+00   2.479548e-03   3.281659e-05
  1.255803e+00   2.428369e-03   3.273998e-05
  1.260965e+00   2.415272e-03   3.260069e-05
  1.266127e+00   2.339536e-03   3.281599e-05
  1.271289e+00   2.338667e-03   3.256306e-05
  1.276450e+00   2.283385e-03   3.240892e-05
  1.281612e+00   2.323930e-03   3.262554e-05
  1.286774e+00   2.275054e-03   3.243429e-05
  1.291936e+00   2.274023e-03   3.306873e-05
  1.297097e+00   2.243706e-03   3.331728e-05
  1.302259e+00   2.251776e-03   3.325152e-05
  1.307421e+00   2.182712e-03   3.360763e-05
  1.312583e+00   2.133164e-03   3.380411e-05
  1.317744e+00   2.166795e-03   3.369216e-05
  1.322906e+00   2.154722e-03   3.394168e-05
  1.328068e+00   2.051067e-03   3.439842e-05
  1.333230e+00   2.072857e-03   3.411046e-05
  1.338391e+00   2.052591e-03   3.457296e-05
  1.343553e+00   1.991736e-03   3.445258e-05
  1.348715e+00   1.979846e-03   3.442296e-05
  1.353877e+00   1.947614e-03   3.452320e-05
  1.359038e+00   1.983465e-03   3.404256e-05
  1.364200e+00   1.878716e-03   3.371454e-05
  1.369362e+00   1.913647e-03   3.331533e-05
  1.374524e+00   1.916377e-03   3.350975e-05
  1.379686e+00   1.857195e-03   3.343787e-05
  1.384847e+00   1.880298e-03   3.309252e-05
  1.390009e+00   1.784261e-03   3.321292e-05
  1.395171e+00   1.803725e-03   3.277491e-05
  1.400333e+00   1.804994e-03   3.290628e-05
  1.405494e+00   1.821367e-03   3.287848e-05
  1.410656e+00   1.733472e-03   3.270377e-05
  1.415818e+00   1.756818e-03   3.249051e-05
  1.420980e+00   1.665794e-03   3.277401e-05
  1.426141e+00   1.695734e-03   3.257717e-05
  1.431303e+00   1.656141e-03   3.242127e-05
  1.436465e+00   1.656122e-03   3.252852e-05
  1.441627e+00   1.672187e-03   3.231878e-05
  1.446788e+00   1.646739e-03   3.219364e-05
  1.451950e+00   1.550195e-03   3.240370e-05
  1.457112e+00   1.575217e-03   3.201467e-05
  1.462274e+00   1.573069e-03   3.194562e-05
  1.467435e+00   1.552356e-03   3.204056e-05
  1.472597e+00   1.555512e-03   3.214370e-05
  1.477759e+00   1.504799e-03   3.174233e-05
  1.482921e+00   1.494603e-03   3.192885e-05
  1.488083e+00   1.476002e-03   3.176182e-05
  1.493244e+00   1.482292e-03   3.169573e-05
  1.498406e+00   1.475284e-03   3.189938e-05
  1.503568e+00   1.449674e-03   3.160612e-05
  1.508730e+00   1.397231e-03   3.153284e-05
  1.513891e+00   1.322947e-03   3.171483e-05
  1.519053e+00   1.373921e-03   3.165997e-05
  1.524215e+00   1.364613e-03   3.154733e-05
  1.529377e+00   1.386623e-03   3.159424e-05
  1.534538e+00   1.335291e-03   3.155345e-05
  1.539700e+00   1.307555e-03   3.127182e-05
  1.544862e+00   1.300382e-03   3.151724e-05
  1.550024e+00   1.281036e-03   3.135056e-05
  1.555185e+00   1.292881e-03   3.120875e-05
  1.560347e+00   1.269374e-03   3.148091e-05
  1.565509e+00   1.238527e-03   3.132931e-05
  1.570671e+00   1.239496e-03   3.101782e-05
  1.575832e+00   1.264353e-03   3.126263e-05
  1.580994e+00   1.192397e-03   3.115607e-05
  1.586156e+00   1.173481e-03   3.099495e-05
  1.591318e+00   1.191402e-03   3.115241e-05
  1.596480e+00   1.180376e-03   3.097543e-05
  1.601641e+00   1.064607e-03   3.079949e-05
  1.606803e+00   1.111007e-03   3.108067e-05
  1.611965e+00   1.182125e-03   3.090337e-05
  1.617127e+00   1.154408e-03   3.077554e-05
  1.622288e+00   1.148180e-03   3.088379e-05
  1.627450e+00   1.096283e-03   3.082993e-05
  1.632612e+00   1.055837e-03   3.057583e-05
  1.637774e+00   1.054788e-03   3.085887e-05
  1.642935e+00   1.083747e-03   3.062512e-05
  1.648097e+00   1.033563e-03   3.056679e-05
  1.653259e+00   1.028165e-03   3.067343e-05
  1.658421e+00   1.095328e-03   3.072640e-05
  1.663582e+00   1.074727e-03   3.045672e-05
  1.668744e+00   9.931307e-04   3.062061e-05
  1.673906e+00   9.867328e-04   3.050167e-05
  1.679068e+00   9.565947e-04   3.023905e-05
  1.684229e+00   9.558595e-04   3.046914e-05
  1.689391e+00   9.948346e-04   3.043351e-05
  1.694553e+00   9.324644e-04   3.028621e-05
  1.699715e+00   9.680639e-04   3.068700e-05
  1.704876e+00   9.441937e-04   3.015334e-05
  1.710038e+00   9.007524e-04   3.021341e-05
  1.715200e+00   8.819888e-04   3.023196e-05
  1.720362e+00   9.213362e-04   3.018029e-05
  1.725523e+00   8.666103e-04   3.001433e-05
  1.730685e+00   8.464840e-04   3.018274e-05
  1.735847e+00   8.650678e-04   3.004413e-05
  1.741009e+00   8.945880e-04   2.990329e-05
  1.746171e+00   8.908080e-04   3.029182e-05
  1.751332e+00   8.808548e-04   2.992364e-05
  1.756494e+00   8.301056e-04   2.970595e-05
  1.761656e+00   8.321769e-04   2.994558e-05
  1.766818e+00   7.985641e-04   2.970916e-05
  1.771979e+00   7.912964e-04   2.966356e-05
  1.777141e+00   7.496624e-04   2.977883e-05
  1.782303e+00   8.126870e-04   2.968259e-05
  1.787465e+00   7.756041e-04   2.945467e-05
  1.792626e+00   7.804731e-04   2.973296e-05
  1.797788e+00   7.517697e-04   2.943442e-05
  1.802950e+00   7.699772e-04   2.918179e-05
  1.808112e+00   7.497431e-04   2.950924e-05
  1.813273e+00   7.656013e-04   2.934776e-05
  1.818435e+00   6.784148e-04   2.919748e-05
  1.823597e+00   7.648212e-04   2.944542e-05
  1.828759e+00   7.393907e-04   2.928221e-05
  1.833920e+00   7.403456e-04   2.925382e-05
  1.839082e+00   6.725010e-04   2.931672e-05
  1.844244e+00   6.974338e-04   2.925113e-05
  1.849406e+00   7.073021e-04   2.897024e-05
  1.854568e+00   7.017515e-04   2.928071e-05
  1.859729e+00   6.529439e-04   2.920900e-05
  1.864891e+00   6.891483e-04   2.895393e-05
  1.870053e+00   6.534192e-04   2.926938e-05
  1.875215e+00   6.369557e-04   2.907288e-05
  1.880376e+00   6.598979e-04   2.901308e-05
  1.885538e+00   6.139014e-04   2.916208e-05
  1.890700e+00   6.109737e-04   2.892962e-05
  1.895862e+00   6.167216e-04   2.880346e-05
  1.901023e+00   6.398969e-04   2.904827e-05
  1.906185e+00   6.066740e-04   2.897621e-05
  1.911347e+00   5.903315e-04   2.875695e-05
  1.916509e+00   6.329474e-04   2.900990e-05
  1.921670e+00   6.162329e-04   2.877679e-05
  1.926832e+00   6.053200e-04   2.894443e-05
  1.931994e+00   6.116955e-04   2.895332e-05
  1.937156e+00   5.336061e-04   2.868235e-05
  1.942317e+00   5.983078e-04   2.866778e-05
  1.947479e+00   5.776970e-04   2.885903e-05
  1.952641e+00   6.025940e-04   2.874258e-05
  1.957803e+00   6.202366e-04   2.863386e-05
  1.962964e+00   5.136903e-04   2.873471e-05
  1.968126e+00   5.816335e-04   2.871511e-05
  1.973288e+00   5.239844e-04   2.858478e-05
  1.978450e+00   5.633991e-04   2.875797e-05
  1.983611e+00   5.404434e-04   2.860301e-05
  1.988773e+00   5.009616e-04   2.846596e-05
  1.993935e+00   5.039655e-04   2.862974e-05
  1.999097e+00   5.729579e-04   2.847526e-05
  2.004259e+00   5.614308e-04   2.848278e-05
  2.009420e+00   5.030733e-04   2.861065e-05
  2.014582e+00   4.748944e-04   2.853382e-05
  2.019744e+00   5.189584e-04   2.843102e-05
  2.024906e+00   4.560547e-04   2.851788e-05
  2.030067e+00   5.240338e-04   2.846104e-05
  2.035229e+00   4.512617e-04   2.821326e-05
  2.040391e+00   4.478588e-04   2.846896e-05
  2.045553e+00   4.308797e-04   2.829029e-05
  2.050714e+00   4.641249e-04   2.829315e-05
  2.055876e+00   4.378740e-04   2.842287e-05
  2.061038e+00   4.259344e-04   2.823132e-05
  2.066200e+00   4.671917e-04   2.832246e-05
  2.071362e+00   4.248225e-04   2.834038e-05
  2.076523e+00   4.638201e-04   2.815089e-05
  2.081685e+00   4.464241e-04   2.811246e-05
  2.086847e+00   4.737242e-04   2.827895e-05
  2.092008e+00   4.919810e-04   2.819107e-05
  2.097170e+00   4.816017e-04   2.811033e-05
  2.102332e+00   4.082155e-04   2.822552e-05
  2.107494e+00   4.372821e-04   2.820072e-05
  2.112655e+00   4.075654e-04   2.881370e-05
  2.117817e+00   4.177250e-04   2.910509e-05
  2.122979e+00   4.383133e-04   2.914030e-05
  2.128141e+00   4.069377e-04   2.938941e-05
  2.133302e+00   4.273870e-04   2.963304e-05
  2.138464e+00   4.344620e-04   2.962026e-05
  2.143626e+00   3.872685e-04   3.003042e-05
  2.148788e+00   4.445096e-04   3.013547e-05
  2.153949e+00   3.383353e-04   3.011909e-05
  2.159111e+00   4.136226e-04   3.031153e-05
  2.164273e+00   4.578794e-04   3.049171e-05
  2.169435e+00   3.681104e-04   3.040376e-05
  2.174597e+00   3.408910e-04   3.026041e-05
  2.179758e+00   3.605018e-04   2.992015e-05
  2.184920e+00   4.172184e-04   2.951668e-05
  2.190082e+00   4.144790e-04   2.936339e-05
  2.195244e+00   3.638869e-04   2.945839e-05
  2.200405e+00   3.868874e-04   2.929474e-05
  2.205567e+00   3.910885e-04   2.900438e-05
  2.210729e+00   3.484412e-04   2.904027e-05
  2.215891e+00   3.286555e-04   2.886940e-05
  2.221052e+00   3.541891e-04   2.864762e-05
  2.226214e+00   3.892546e-04   2.889902e-05
  2.231376e+00   3.644294e-04   2.858984e-05
  2.236538e+00   3.166665e-04   2.868892e-05
  2.241699e+00   3.486250e-04   2.868334e-05
  2.246861e+00   3.726387e-04   2.861501e-05
  2.252023e+00   2.761982e-04   2.832308e-05
  2.257185e+00   3.641918e-04   2.863323e-05
  2.262347e+00   3.228582e-04   2.829107e-05
  2.267508e+00   4.238002e-04   2.835782e-05
  2.272670e+00   3.233425e-04   2.850078e-05
  2.277832e+00   3.020592e-04   2.827139e-05
  2.282994e+00   3.495486e-04   2.833835e-05
  2.288155e+00   4.019162e-04   2.858741e-05
  2.293317e+00   2.992256e-04   2.819468e-05
  2.298479e+00   2.912853e-04   2.824063e-05
  2.303641e+00   2.914647e-04   2.835309e-05
  2.308802e+00   3.441505e-04   2.811042e-05
  2.313964e+00   3.420163e-04   2.807086e-05
  2.319126e+00   3.436528e-04   2.827271e-05
  2.324288e+00   3.100443e-04   2.797844e-05
  2.329449e+00   2.818475e-04   2.813800e-05
  2.334611e+00   3.314128e-04   2.824173e-05
  2.339773e+00   3.268037e-04   2.803176e-05
  2.344935e+00   3.172449e-04   2.799213e-05
  2.350096e+00   3.683301e-04   2.807493e-05
  2.355258e+00   3.255573e-04   2.781983e-05
  2.360420e+00   2.735216e-04   2.792995e-05
  2.365582e+00   2.895771e-04   2.797278e-05
  2.370744e+00   3.139809e-04   2.793969e-05
  2.375905e+00   2.768976e-04   2.784923e-05
  2.381067e+00   2.657113e-04   2.809436e-05
  2.386229e+00   3.237504e-04   2.769688e-05
  2.391391e+00   3.369814e-04   2.783894e-05
  2.396552e+00   3.320853e-04   2.793003e-05
  2.401714e+00   3.315428e-04   2.772002e-05
  2.406876e+00   2.955447e-04   2.776654e-05
  2.412038e+00   3.459125e-04   2.782898e-05
  2.417199e+00   3.093808e-04   2.758395e-05
  2.422361e+00   2.355148e-04   2.777282e-05
  2.427523e+00   2.956837e-04   2.780512e-05
  2.432685e+00   2.785566e-04   2.759779e-05
  2.437846e+00   3.151286e-04   2.747251e-05
  2.443008e+00   2.540183e-04   2.758374e-05
  2.448170e+00   2.898327e-04   2.731462e-05
  2.453332e+00   2.801976e-04   2.748531e-05
  2.458493e+00   2.502790e-04   2.740463e-05
  2.463655e+00   2.742255e-04   2.727616e-05
  2.468817e+00   2.744945e-04   2.731879e-05
  2.473979e+00   2.433923e-04   2.735025e-05
  2.479141e+00   2.475979e-04   2.711511e-05
  2.484302e+00   2.579727e-04   2.726863e-05
  2.489464e+00   2.508440e-04   2.719954e-05
  2.494626e+00   2.702172e-04   2.706003e-05
  2.499788e+00   2.532560e-04   2.719690e-05
  2.504949e+00   2.991718e-04   2.720093e-05
  2.510111e+00   2.789153e-04   2.707707e-05
  2.515273e+00   2.549015e-04   2.716161e-05
  2.520435e+00   2.632095e-04   2.725671e-05
  2.525596e+00   3.320226e-04   2.705340e-05
  2.530758e+00   2.475172e-04   2.707251e-05
  2.535920e+00   2.510726e-04   2.712109e-05
  2.541082e+00   2.874609e-04   2.699836e-05
  2.546243e+00   2.887790e-04   2.712225e-05
  2.551405e+00   2.416169e-04   2.702952e-05
  2.556567e+00   2.558879e-04   2.701814e-05
  2.561729e+00   2.287761e-04   2.707420e-05
  2.566890e+00   2.442442e-04   2.707899e-05
  2.572052e+00   2.461273e-04   2.718958e-05
  2.577214e+00   2.708046e-04   2.770785e-05
  2.582376e+00   2.388685e-04   2.802900e-05
  2.587538e+00   2.704235e-04   2.819734e-05
  2.592699e+00   2.169440e-04   2.824077e-05
  2.597861e+00   2.573719e-04   2.837250e-05
  2.603023e+00   3.138688e-04   2.775300e-05
  2.608185e+00   2.813723e-04   2.769850e-05
  2.613346e+00   2.808566e-04   2.767246e-05
  2.618508e+00   2.761534e-04   2.742587e-05
  2.623670e+00   2.077438e-04   2.742040e-05
  2.628832e+00   2.094790e-04   2.741272e-05
  2.633993e+00   2.430964e-04   2.716643e-05
  2.639155e+00   2.485753e-04   2.729886e-05
  2.644317e+00   2.435313e-04   2.732153e-05
  2.649479e+00   2.199928e-04   2.729684e-05
  2.654640e+00   2.402405e-04   2.733057e-05
  2.659802e+00   2.856495e-04   2.739044e-05
  2.664964e+00   2.027896e-04   2.715014e-05
  2.670126e+00   2.121332e-04   2.724656e-05
  2.675287e+00   2.540272e-04   2.727279e-05
  2.680449e+00   2.331834e-04   2.706466e-05
  2.685611e+00   2.069996e-04   2.721949e-05
  2.690773e+00   2.743197e-04   2.711329e-05
  2.695935e+00   2.497365e-04   2.710110e-05
  2.701096e+00   2.539062e-04   2.723686e-05
  2.706258e+00   2.682086e-04   2.712477e-05
  2.711420e+00   2.484497e-04   2.704743e-05
  2.716581e+00   1.856939e-04   2.705338e-05
  2.721743e+00   2.779737e-04   2.707141e-05
  2.726905e+00   2.307936e-04   2.695783e-05
  2.732067e+00   2.867211e-04   2.715354e-05
  2.737228e+00   1.952393e-04   2.696281e-05
  2.742390e+00   2.083312e-04   2.694506e-05
  2.747552e+00   2.090351e-04   2.703896e-05
  2.752714e+00   2.348602e-04   2.701025e-05
  2.757875e+00   2.449346e-04   2.693118e-05
  2.763037e+00   2.062105e-04   2.687884e-05
  2.768199e+00   2.079232e-04   2.686982e-05
  2.773361e+00   2.522070e-04   2.676372e-05
  2.778522e+00   1.986110e-04   2.691105e-05
  2.783684e+00   2.185446e-04   2.688091e-05
  2.788846e+00   2.106581e-04   2.671742e-05
  2.794008e+00   2.471002e-04   2.684722e-05
  2.799170e+00   2.044081e-04   2.687173e-05
  2.804331e+00   2.231448e-04   2.661915e-05
  2.809493e+00   2.520097e-04   2.678254e-05
  2.814655e+00   1.671501e-04   2.663348e-05
  2.819817e+00   2.453203e-04   2.650335e-05
  2.824978e+00   2.027448e-04   2.669540e-05
  2.830140e+00   2.600352e-04   2.663005e-05
  2.835302e+00   2.465936e-04   2.656398e-05
  2.840464e+00   1.557485e-04   2.670090e-05
  2.845625e+00   2.392048e-04   2.672073e-05
  2.850787e+00   2.521262e-04   2.655694e-05
  2.855949e+00   2.139939e-04   2.669474e-05
  2.861111e+00   2.041571e-04   2.659360e-05
  2.866272e+00   1.876532e-04   2.649521e-05
  2.871434e+00   2.220373e-04   2.671526e-05
  2.876596e+00   2.159397e-04   2.651831e-05
  2.881758e+00   2.285071e-04   2.655171e-05
  2.886919e+00   2.146754e-04   2.654548e-05
  2.892081e+00   2.208447e-04   2.657749e-05
  2.897243e+00   2.184371e-04   2.631697e-05
  2.902405e+00   2.373262e-04   2.646505e-05
  2.907567e+00   2.274534e-04   2.643071e-05
  2.912728e+00   2.418411e-04   2.630262e-05
  2.917890e+00   2.091562e-04   2.653000e-05
  2.923052e+00   2.314842e-04   2.638522e-05
  2.928214e+00   2.550226e-04   2.661745e-05
  2.933375e+00   1.906975e-04   2.716113e-05
  2.938537e+00   1.889220e-04   2.739966e-05
  2.943699e+00   2.069503e-04   2.755446e-05
  2.948861e+00   1.872542e-04   2.786413e-05
  2.954022e+00   2.424150e-04   2.788548e-05
  2.959184e+00   2.034756e-04   2.812886e-05
  2.964346e+00   2.124112e-04   2.834408e-05
  2.969508e+00   2.392765e-04   2.819258e-05
  2.974669e+00   2.504180e-04   2.852799e-05
  2.979831e+00   2.354475e-04   2.878873e-05
  2.984993e+00   1.811880e-04   2.870439e-05
  2.990155e+00   1.490412e-04   2.875468e-05
  2.995317e+00   1.898995e-04   2.865320e-05
  3.000478e+00   2.238083e-04   2.815981e-05
  3.005640e+00   2.327889e-04   2.773411e-05
  3.010802e+00   1.856132e-04   2.786030e-05
  3.015964e+00   2.564215e-04   2.749649e-05
  3.021125e+00   1.954008e-04   2.739411e-05
  3.026287e+00   2.284443e-04   2.751599e-05
  3.031449e+00   2.469523e-04   2.734102e-05
  3.036611e+00   2.173431e-04   2.714556e-05
  3.041772e+00   1.959343e-04   2.728721e-05
  3.046934e+00   1.722075e-04   2.717214e-05
  3.052096e+00   2.029285e-04   2.707934e-05
  3.057258e+00   1.748707e-04   2.712025e-05
  3.062419e+00   1.949479e-04   2.705667e-05
  3.067581e+00   1.971942e-04   2.698769e-05
  3.072743e+00   2.197328e-04   2.723151e-05
  3.077905e+00   1.638054e-04   2.698234e-05
  3.083066e+00   2.326678e-04   2.688616e-05
  3.088228e+00   1.955083e-04   2.713486e-05
  3.093390e+00   2.104475e-04   2.694472e-05
  3.098552e+00   1.734404e-04   2.687200e-05
  3.103714e+00   1.918229e-04   2.702325e-05
  3.108875e+00   1.776595e-04   2.676853e-05
  3.114037e+00   1.835194e-04   2.687805e-05
  3.119199e+00   1.963602e-04   2.704092e-05
  3.124361e+00   1.476019e-04   2.676060e-05
  3.129522e+00   1.824479e-04   2.676034e-05
  3.134684e+00   2.204905e-04   2.690347e-05
  3.139846e+00   1.818785e-04   2.655766e-05
  3.145008e+00   1.574792e-04   2.666061e-05
  3.150169e+00   2.046009e-04   2.665527e-05
  3.155331e+00   2.204457e-04   2.651010e-05
  3.160493e+00   2.159038e-04   2.652075e-05
  3.165655e+00   1.816677e-04   2.666049e-05
  3.170816e+00   2.243150e-04   2.641454e-05
  3.175978e+00   1.472971e-04   2.647409e-05
  3.181140e+00   1.536368e-04   2.646315e-05
  3.186302e+00   2.038118e-04   2.635933e-05
  3.191463e+00   1.742206e-04   2.643834e-05
  3.196625e+00   1.869269e-04   2.648723e-05
  3.201787e+00   2.160473e-04   2.634839e-05
  3.206949e+00   1.235523e-04   2.649279e-05
  3.212111e+00   1.979205e-04   2.651362e-05
  3.217272e+00   1.751128e-04   2.636685e-05
  3.222434e+00   1.923610e-04   2.648217e-05
  3.227596e+00   1.886620e-04   2.654672e-05
  3.232758e+00   2.186478e-04   2.641460e-05
  3.237919e+00   1.846717e-04   2.652221e-05
  3.243081e+00   1.930604e-04   2.644230e-05
  3.248243e+00   1.478665e-04   2.644401e-05
  3.253405e+00   2.103309e-04   2.652051e-05
  3.258566e+00   2.417066e-04   2.663893e-05
  3.263728e+00   1.608866e-04   2.633286e-05
  3.268890e+00   2.233286e-04   2.657405e-05
  3.274052e+00   2.282067e-04   2.654624e-05
  3.279213e+00   1.221580e-04   2.642869e-05
  3.284375e+00   1.718533e-04   2.651793e-05
  3.289537e+00   1.765296e-04   2.651917e-05
  3.294699e+00   1.840261e-04   2.637207e-05
  3.299860e+00   1.752114e-04   2.662277e-05
  3.305022e+00   2.528122e-04   2.661285e-05
  3.310184e+00   1.378862e-04   2.638806e-05
  3.315346e+00   2.111200e-04   2.660379e-05
  3.320507e+00   2.059236e-04   2.645746e-05
  3.325669e+00   1.797308e-04   2.651691e-05
  3.330831e+00   1.705441e-04   2.646122e-05
  3.335993e+00   1.730010e-04   2.650424e-05
  3.341154e+00   1.431139e-04   2.630383e-05
  3.346316e+00   1.720640e-04   2.650538e-05
  3.351478e+00   1.639533e-04   2.636129e-05
  3.356640e+00   1.591246e-04   2.639102e-05
  3.361801e+00   1.542465e-04   2.653646e-05
  3.366963e+00   1.832549e-04   2.637410e-05
  3.372125e+00   1.702482e-04   2.634101e-05
  3.377287e+00   1.294841e-04   2.645381e-05
  3.382448e+00   1.758078e-04   2.644915e-05
  3.387610e+00   1.671187e-04   2.644603e-05
  3.392772e+00   1.480727e-04   2.654556e-05
  3.397934e+00   1.471715e-04   2.646761e-05
  3.403095e+00   1.750276e-04   2.641634e-05
  3.408257e+00   2.009289e-04   2.674755e-05
  3.413419e+00   1.818022e-04   2.642540e-05
  3.418581e+00   1.756733e-04   2.641910e-05
  3.423743e+00   1.992790e-04   2.657394e-05
  3.428904e+00   1.685355e-04   2.644060e-05
  3.434066e+00   1.648455e-04   2.639254e-05
  3.439228e+00   1.354113e-04   2.666087e-05
  3.444390e+00   1.374333e-04   2.644286e-05
  3.449551e+00   1.324521e-04   2.639319e-05
  3.454713e+00   1.606176e-04   2.663430e-05
  3.459875e+00   1.058828e-04   2.646159e-05
  3.465037e+00   1.391236e-04   2.632319e-05
  3.470198e+00   1.635588e-04   2.657952e-05
  3.475360e+00   1.687418e-04   2.647356e-05
  3.480522e+00   1.448266e-04   2.638812e-05
  3.485684e+00   1.452437e-04   2.657895e-05
  3.490845e+00   1.985079e-04   2.640874e-05
  3.496007e+00   1.552733e-04   2.640696e-05
  3.501169e+00   2.063047e-04   2.671787e-05
  3.506331e+00   1.833312e-04   2.656506e-05
  3.511492e+00   1.874739e-04   2.634178e-05
  3.516654e+00   1.693874e-04   2.666707e-05
  3.521816e+00   1.394913e-04   2.641284e-05
  3.526978e+00   1.185398e-04   2.643300e-05
  3.532140e+00   1.839095e-04   2.665194e-05
  3.537301e+00   1.803002e-04   2.653759e-05
  3.542463e+00   2.115728e-04   2.646249e-05
  3.547625e+00   1.519330e-04   2.667230e-05
  3.552787e+00   1.771169e-04   2.656611e-05
  3.557948e+00   1.510767e-04   2.642149e-05
  3.563110e+00   9.849399e-05   2.667388e-05
  3.568272e+00   1.286905e-04   2.649280e-05
  3.573434e+00   1.747765e-04   2.634923e-05
  3.578595e+00   1.968714e-04   2.666935e-05
  3.583757e+00   1.955532e-04   2.644516e-05
  3.588919e+00   1.906393e-04   2.652873e-05
  3.594081e+00   1.270092e-04   2.658170e-05
  3.599242e+00   1.874963e-04   2.653654e-05
  3.604404e+00   1.629221e-04   2.637667e-05
  3.609566e+00   1.750769e-04   2.673748e-05
  3.614728e+00   1.788386e-04   2.639488e-05
  3.619889e+00   1.957773e-04   2.657430e-05
  3.625051e+00   1.698267e-04   2.656746e-05
  3.630213e+00   2.068785e-04   2.648307e-05
  3.635375e+00   1.806589e-04   2.653473e-05
  3.640537e+00   1.737812e-04   2.675243e-05
  3.645698e+00   1.617206e-04   2.645633e-05
  3.650860e+00   1.113976e-04   2.655119e-05
  3.656022e+00   1.900698e-04   2.667770e-05
  3.661184e+00   1.682755e-04   2.642824e-05
  3.666345e+00   9.996009e-05   2.663165e-05
  3.671507e+00   1.704006e-04   2.662531e-05
  3.676669e+00   1.894332e-04   2.648555e-05
  3.681831e+00   1.405449e-04   2.657209e-05
  3.686992e+00   1.743461e-04   2.661218e-05
  3.692154e+00   1.757002e-04   2.650848e-05
  3.697316e+00   2.243508e-04   2.661584e-05
  3.702478e+00   1.357878e-04   2.662013e-05
  3.707639e+00   1.331292e-04   2.659034e-05
  3.712801e+00   2.103533e-04   2.657581e-05
  3.717963e+00   1.696429e-04   2.662779e-05
  3.723125e+00   1.537668e-04   2.635988e-05
  3.728287e+00   2.066724e-04   2.670073e-05
  3.733448e+00   1.591246e-04   2.669415e-05
  3.738610e+00   1.696474e-04   2.654989e-05
  3.743772e+00   1.202076e-04   2.663964e-05
  3.748934e+00   1.834925e-04   2.706784e-05
  3.754095e+00   2.093400e-04   2.744834e-05
  3.759257e+00   2.134783e-04   2.799307e-05
  3.764419e+00   1.944323e-04   2.790660e-05
  3.769581e+00   1.662892e-04   2.828681e-05
  3.774742e+00   1.826810e-04   2.838632e-05
  3.779904e+00   1.706338e-04   2.835598e-05
  3.785066e+00   1.407735e-04   2.854918e-05
  3.790228e+00   1.809190e-04   2.875473e-05
  3.795389e+00   1.745614e-04   2.849472e-05
  3.800551e+00   2.044395e-04   2.874731e-05
  3.805713e+00   1.879267e-04   2.875968e-05
  3.810875e+00   1.116307e-04   2.871918e-05
  3.816036e+00   1.864202e-04   2.794262e-05
  3.821198e+00   1.929169e-04   2.791252e-05
  3.826360e+00   1.319769e-04   2.757678e-05
  3.831522e+00   1.090885e-04   2.735250e-05
  3.836684e+00   1.508525e-04   2.771054e-05
  3.841845e+00   1.863126e-04   2.742195e-05
  3.847007e+00   1.748259e-04   2.734760e-05
  3.852169e+00   1.512202e-04   2.751637e-05
  3.857331e+00   1.884379e-04   2.736805e-05
  3.862492e+00   1.296903e-04   2.720218e-05
  3.867654e+00   2.025654e-04   2.751129e-05
  3.872816e+00   1.658185e-04   2.744510e-05
  3.877978e+00   1.692529e-04   2.732911e-05
  3.883139e+00   1.875904e-04   2.759636e-05
  3.888301e+00   1.327167e-04   2.740711e-05
  3.893463e+00   1.699926e-04   2.725575e-05
  3.898625e+00   1.453782e-04   2.758110e-05
  3.903786e+00   1.314972e-04   2.726131e-05
  3.908948e+00   1.536996e-04   2.722651e-05
  3.914110e+00   1.525607e-04   2.745804e-05
  3.919272e+00   1.778074e-04   2.737683e-05
  3.924433e+00   1.648769e-04   2.717633e-05
  3.929595e+00   1.194678e-04   2.755069e-05
  3.934757e+00   1.775788e-04   2.742963e-05
  3.939919e+00   1.511170e-04   2.724323e-05
  3.945080e+00   1.698088e-04   2.753166e-05
  3.950242e+00   1.745075e-04   2.737390e-05
  3.955404e+00   1.433202e-04   2.726660e-05
  3.960566e+00   1.612722e-04   2.762251e-05
  3.965727e+00   1.779419e-04   2.744074e-05
  3.970889e+00   1.196921e-04   2.741430e-05
  3.976051e+00   1.421545e-04   2.770446e-05
  3.981213e+00   1.242428e-04   2.737859e-05
  3.986374e+00   1.365276e-04   2.746406e-05
  3.991536e+00   1.916570e-04   2.773744e-05
  3.996698e+00   1.944951e-04   2.742750e-05
  4.001860e+00   1.654463e-04   2.751802e-05
  4.007021e+00   2.006465e-04   2.767363e-05
  4.012183e+00   1.065912e-04   2.738873e-05
  4.017345e+00   1.344697e-04   2.771854e-05
  4.022507e+00   1.577885e-04   2.765726e-05
  4.027668e+00   1.388188e-04   2.759925e-05
  4.032830e+00   1.764937e-04   2.766276e-05
  4.037992e+00   1.593936e-04   2.769544e-05
  4.043154e+00   1.618551e-04   2.742517e-05
  4.048316e+00   1.691990e-04   2.769243e-05
  4.053477e+00   1.592994e-04   2.769773e-05
  4.058639e+00   1.800806e-04   2.763775e-05
  4.063801e+00   1.496554e-04   2.779130e-05
  4.068963e+00   1.505341e-04   2.768104e-05
  4.074124e+00   1.247001e-04   2.772108e-05
  4.079286e+00   1.230950e-04   2.784812e-05
  4.084448e+00   2.066589e-04   2.765218e-05
  4.089610e+00   1.351782e-04   2.776680e-05
  4.094771e+00   1.567887e-04   2.788704e-05
  4.099933e+00   1.140338e-04   2.766420e-05
  4.105095e+00   1.525383e-04   2.776291e-05
  4.110257e+00   1.318065e-04   2.790868e-05
  4.115418e+00   1.690421e-04   2.788188e-05
  4.120580e+00   1.498527e-04   2.781130e-05
  4.125742e+00   1.640610e-04   2.798678e-05
  4.130904e+00   1.996197e-04   2.775544e-05
  4.136065e+00   1.744179e-04   2.798783e-05
  4.141227e+00   1.428090e-04   2.806121e-05
  4.146389e+00   1.272243e-04   2.790150e-05
  4.151551e+00   8.313343e-05   2.791500e-05
  4.156713e+00   1.211537e-04   2.818442e-05
  4.161874e+00   1.244446e-04   2.789088e-05
  4.167036e+00   1.344339e-04   2.811477e-05
  4.172198e+00   1.728173e-04   2.823518e-05
  4.177360e+00   1.223911e-04   2.801838e-05
  4.182521e+00   9.994211e-05   2.805827e-05
  4.187683e+00   1.560130e-04   2.835189e-05
  4.192845e+00   1.281928e-04   2.797887e-05
  4.198007e+00   1.590170e-04   2.820638e-05
  4.203168e+00   1.309502e-04   2.829784e-05
  4.208330e+00   1.146705e-04   2.806964e-05
  4.213492e+00   1.754760e-04   2.824389e-05
  4.218654e+00   1.164191e-04   2.831804e-05
  4.223815e+00   1.246284e-04   2.812673e-05
  4.228977e+00   1.162576e-04   2.821029e-05
  4.234139e+00   1.355951e-04   2.842094e-05
  4.239301e+00   1.350078e-04   2.803270e-05
  4.244462e+00   1.296365e-04   2.826819e-05
  4.249624e+00   1.909396e-04   2.837442e-05
  4.254786e+00   1.467770e-04   2.809786e-05
  4.259948e+00   1.095772e-04   2.835450e-05
  4.265110e+00   1.960912e-04   2.847618e-05
  4.270271e+00   1.309591e-04   2.821066e-05
  4.275433e+00   1.683158e-04   2.910355e-05
  4.280595e+00   1.310084e-04   2.941023e-05
  4.285757e+00   1.470101e-04   2.989679e-05
  4.290918e+00   8.217398e-05   2.994714e-05
  4.296080e+00   1.606445e-04   3.018877e-05
  4.301242e+00   1.815287e-04   3.021561e-05
  4.306404e+00   1.654598e-04   3.026613e-05
  4.311565e+00   1.801702e-04   3.035462e-05
  4.316727e+00   1.344921e-04   3.052040e-05
  4.321889e+00   1.258300e-04   3.065615e-05
  4.327051e+00   1.385856e-04   3.076111e-05
  4.332212e+00   1.628010e-04   3.076031e-05
  4.337374e+00   1.374468e-04   3.093330e-05
  4.342536e+00   1.142087e-04   3.090826e-05
  4.347698e+00   1.894601e-04   3.107082e-05
  4.352859e+00   9.917094e-05   3.119582e-05
  4.358021e+00   1.962616e-04   3.142512e-05
  4.363183e+00   1.777536e-04   3.144464e-05
  4.368345e+00   1.332323e-04   3.154876e-05
  4.373507e+00   1.391774e-04   3.162838e-05
  4.378668e+00   1.426253e-04   3.153848e-05
  4.383830e+00   1.628325e-04   3.165106e-05
  4.388992e+00   1.373482e-04   3.165046e-05
  4.394154e+00   1.827707e-04   3.187306e-05
  4.399315e+00   1.377786e-04   3.177728e-05
  4.404477e+00   1.344966e-04   3.212562e-05
  4.409639e+00   1.411053e-04   3.200505e-05
  4.414801e+00   1.481982e-04   3.215651e-05
  4.419962e+00   1.653298e-04   3.237644e-05
  4.425124e+00   1.174189e-04   3.238601e-05
  4.430286e+00   1.290626e-04   3.238558e-05
  4.435448e+00   1.430019e-04   3.230517e-05
  4.440609e+00   1.177552e-04   3.249767e-05
  4.445771e+00   1.563359e-04   3.264606e-05
  4.450933e+00   1.799192e-04   3.281633e-05
  4.456095e+00   1.832639e-04   3.277641e-05
  4.461257e+00   1.294661e-04   3.283170e-05
  4.466418e+00   1.250139e-04   3.295501e-05
  4.471580e+00   7.666370e-05   3.304412e-05
  4.476742e+00   1.727679e-04   3.301145e-05
  4.481904e+00   1.210237e-04   3.300984e-05
  4.487065e+00   1.339092e-04   3.284767e-05
  4.492227e+00   1.799954e-04   3.300129e-05
  4.497389e+00   1.281076e-04   3.297677e-05
  4.502551e+00   1.877518e-04   3.311717e-05
  4.507712e+00   1.549459e-04   3.299906e-05
  4.512874e+00   8.045227e-05   3.307199e-05
  4.518036e+00   9.422563e-05   3.324274e-05
  4.523198e+00   1.304794e-04   3.301867e-05
  4.528359e+00   1.318021e-04   3.317456e-05
  4.533521e+00   9.282679e-05   3.302523e-05
  4.538683e+00   2.027806e-04   3.316482e-05
  4.543845e+00   1.523096e-04   3.315289e-05
  4.549006e+00   7.906239e-05   3.316011e-05
  4.554168e+00   1.131774e-04   3.300449e-05
  4.559330e+00   1.819457e-04   3.308402e-05
  4.564492e+00   1.422666e-04   3.320696e-05
  4.569654e+00   1.034572e-04   3.317808e-05
  4.574815e+00   1.858195e-04   3.306366e-05
  4.579977e+00   1.074207e-04   3.317854e-05
  4.585139e+00   1.483776e-04   3.302530e-05
  4.590301e+00   1.407601e-04   3.323819e-05
  4.595462e+00   1.108819e-04   3.306385e-05
  4.600624e+00   1.520182e-04   3.334420e-05
  4.605786e+00   1.344384e-04   3.336662e-05
  4.610948e+00   2.089455e-04   3.346273e-05
  4.616109e+00   1.355458e-04   3.365635e-05
  4.621271e+00   1.834791e-04   3.351898e-05
  4.626433e+00   1.085011e-04   3.358987e-05
  4.631595e+00   1.525249e-04   3.381886e-05
  4.636756e+00   1.987948e-04   3.386124e-05
  4.641918e+00   9.169246e-05   3.392914e-05
  4.647080e+00   1.046543e-04   3.400429e-05
  4.652242e+00   1.193019e-04   3.415655e-05
  4.657403e+00   1.233327e-04   3.415209e-05
  4.662565e+00   1.244042e-04   3.445696e-05
  4.667727e+00   1.345774e-04   3.454055e-05
  4.672889e+00   1.138545e-04   3.439895e-05
  4.678051e+00   1.205305e-04   3.457439e-05
  4.683212e+00   1.366980e-04   3.461940e-05
  4.688374e+00   9.054465e-05   3.492917e-05
  4.693536e+00   1.003322e-04   3.492593e-05
  4.698698e+00   1.518433e-04   3.506518e-05
  4.703859e+00   1.435398e-04   3.517256e-05
  4.709021e+00   1.431498e-04   3.543236e-05
  4.714183e+00   1.637785e-04   3.548186e-05
  4.719345e+00   1.163384e-04   3.558704e-05
  4.724506e+00   1.566228e-04   3.570091e-05
  4.729668e+00   1.337255e-04   3.570132e-05
  4.734830e+00   1.342680e-04   3.591257e-05
  4.739992e+00   1.752563e-04   3.593548e-05
  4.745153e+00   9.741344e-05   3.601505e-05
  4.750315e+00   1.463241e-04   3.632050e-05
  4.755477e+00   1.351378e-04   3.629228e-05
  4.760639e+00   1.251888e-04   3.654613e-05
  4.765800e+00   1.287443e-04   3.679749e-05
  4.770962e+00   7.249403e-05   3.654001e-05
  4.776124e+00   1.672936e-04   3.680618e-05
  4.781286e+00   1.373257e-04   3.687368e-05
  4.786448e+00   1.030940e-04   3.693972e-05
  4.791609e+00   1.209026e-04   3.712286e-05
  4.796771e+00   1.436923e-04   3.731974e-05
  4.801933e+00   1.590977e-04   3.736485e-05
  4.807095e+00   1.574164e-04   3.758935e-05
  4.812256e+00   1.379265e-04   3.758183e-05
  4.817418e+00   1.225974e-04   3.787120e-05
  4.822580e+00   1.969655e-04   3.782592e-05
  4.827742e+00   1.812597e-04   3.796644e-05
  4.832903e+00   1.543810e-04   3.799306e-05
  4.838065e+00   8.706993e-05   3.800075e-05
  4.843227e+00   9.390284e-05   3.832032e-05
  4.848388e+00   1.015248e-04   3.834783e-05
  4.853550e+00   9.912167e-05   3.859412e-05
  4.858712e+00   1.341738e-04   3.866384e-05
  4.863873e+00   2.209568e-04   3.895344e-05
  4.869035e+00   1.328825e-04   3.899066e-05
  4.874197e+00   1.441765e-04   3.888407e-05
  4.879359e+00   1.634602e-04   3.904312e-05
  4.884521e+00   1.837571e-04   3.910718e-05
  4.889682e+00   1.463331e-04   3.913472e-05
  4.894844e+00   1.997094e-04   3.910891e-05
  4.900006e+00   2.054707e-04   3.939237e-05
  4.905168e+00   1.314927e-04   3.941275e-05
  4.910329e+00   1.564883e-04   3.972740e-05
  4.915491e+00   1.080752e-04   4.032331e-05
  4.920653e+00   1.159707e-04   3.990673e-05
  4.925815e+00   1.454184e-04   4.029180e-05
  4.930976e+00   1.089764e-04   4.047473e-05
  4.936138e+00   1.426208e-04   4.046327e-05
  4.941300e+00   8.422738e-05   4.087878e-05
  4.946462e+00   1.318424e-04   4.114131e-05
  4.951623e+00   8.742418e-05   4.123965e-05
  4.956785e+00   1.176745e-04   4.155276e-05
  4.961947e+00   1.036007e-04   4.171291e-05
  4.967109e+00   8.047024e-05   4.219019e-05
  4.972270e+00   1.567797e-04   4.203641e-05
  4.977432e+00   8.680541e-05   4.220012e-05
  4.982594e+00   1.811028e-04   4.242380e-05
  4.987756e+00   1.941275e-04   4.277153e-05
  4.992918e+00   6.719899e-05   4.277657e-05
  4.998079e+00   1.116621e-04   4.305288e-05
  5.003241e+00   1.051206e-04   4.345519e-05
  5.008403e+00   1.133792e-04   4.357829e-05
  5.013565e+00   1.059680e-04   4.379724e-05
  5.018726e+00   1.011662e-04   4.427849e-05
  5.023888e+00   7.247161e-05   4.411820e-05
  5.029050e+00   4.323906e-05   4.422652e-05
  5.034212e+00   9.923820e-05   4.443869e-05
  5.039373e+00   1.925044e-04   4.477310e-05
  5.044535e+00   6.689412e-05   4.495827e-05
  5.049697e+00   1.305646e-04   4.463571e-05
  5.054859e+00   1.188402e-04   4.516025e-05
  5.060020e+00   1.460103e-04   4.572805e-05
  5.065182e+00   1.505207e-04   4.632466e-05
  5.070344e+00   1.164774e-04   4.693160e-05
  5.075506e+00   8.759456e-05   4.717394e-05
  5.080667e+00   1.383480e-04   4.768941e-05
  5.085829e+00   1.622855e-04   4.801069e-05
  5.090991e+00   1.129443e-04   4.865906e-05
  5.096153e+00   1.589901e-04   4.899003e-05
  5.101315e+00   8.501653e-05   4.937898e-05
  5.106476e+00   9.778558e-05   5.021941e-05
  5.111638e+00   8.888578e-05   5.073367e-05
  5.116800e+00   1.976425e-04   5.182698e-05
  5.121962e+00   7.582080e-05   5.196426e-05
  5.127123e+00   8.138034e-05   5.238230e-05
  5.132285e+00   1.044167e-04   5.312550e-05
  5.137447e+00   6.189499e-05   5.361204e-05
  5.142609e+00   9.755244e-05   5.496297e-05
  5.147770e+00   1.291343e-04   5.631556e-05
  5.152932e+00   8.791735e-05   5.701638e-05
  5.158094e+00   1.080304e-04   5.828571e-05
  5.163256e+00   1.178941e-04   5.909978e-05
  5.168417e+00   4.531045e-05   6.167678e-05
  5.173579e+00   1.249692e-04   6.467311e-05
  5.178741e+00   8.710581e-05   6.528502e-05
  5.183903e+00   9.929205e-05   6.672836e-05
  5.189065e+00   1.261976e-04   6.699854e-05
  5.194226e+00   3.040364e-04   7.182150e-05
  5.199388e+00   1.091647e-04   7.496297e-05
  5.204550e+00  -4.053550e-05   7.945881e-05
  5.209712e+00   1.233282e-04   1.138341e-04
range-from: 1
range-to: 1000
Buffer: NaP
Code: TipAS_NaP
Concentration: 1.79
Measurement Temperature (degrees C): 30.0
Storage Temperature (degrees C): 30.0
datop-operation: /media/alessandra/TOSHIBA_EXT/Post-Doc/DAbramo/TipAS/20230120_BM29/TipAStrend_30degBack_sc/sub_001.dat DIV 1.79
range-from: 1
range-to: 1000
parent: TipAS_NaP_30degBACK_1-2_ave_sub.dat
creator: datop
creator-version: v0.4 (r12314)
datop-operation: TipAS_NaP_30degBACK_1-2_ave_sub.dat MUL 0.00080255
