Sample description: Sample c= 1.79 mg/ml
Sample: Sample c= 1.79   c= 1.79 mg/ml  Code: TipAS_NaP
Parent(s): TipAS_NaP_40deg_1-2_ave_sub.dat
  5.311318e-02   2.739247e-02   1.159808e-03
  5.827494e-02   2.819731e-02   7.780010e-04
  6.343670e-02   2.717798e-02   5.993125e-04
  6.859846e-02   2.739269e-02   4.911225e-04
  7.376022e-02   2.744726e-02   4.297309e-04
  7.892198e-02   2.574275e-02   3.779960e-04
  8.408374e-02   2.622132e-02   3.357131e-04
  8.924550e-02   2.570675e-02   2.936335e-04
  9.440726e-02   2.608987e-02   2.690444e-04
  9.956902e-02   2.555763e-02   2.495528e-04
  1.047308e-01   2.540950e-02   2.261645e-04
  1.098925e-01   2.539367e-02   2.081388e-04
  1.150543e-01   2.507695e-02   1.949449e-04
  1.202161e-01   2.485363e-02   1.830397e-04
  1.253778e-01   2.447688e-02   1.744776e-04
  1.305396e-01   2.411318e-02   1.645311e-04
  1.357013e-01   2.406405e-02   1.549849e-04
  1.408631e-01   2.390295e-02   1.498076e-04
  1.460249e-01   2.353189e-02   1.402930e-04
  1.511866e-01   2.387890e-02   1.377232e-04
  1.563484e-01   2.347836e-02   1.316219e-04
  1.615101e-01   2.316139e-02   1.259437e-04
  1.666719e-01   2.313211e-02   1.234654e-04
  1.718337e-01   2.294388e-02   1.196706e-04
  1.769954e-01   2.249986e-02   1.143965e-04
  1.821572e-01   2.243214e-02   1.120990e-04
  1.873190e-01   2.213803e-02   1.089267e-04
  1.924807e-01   2.201221e-02   1.062727e-04
  1.976425e-01   2.172800e-02   1.042334e-04
  2.028042e-01   2.150913e-02   1.019685e-04
  2.079660e-01   2.134485e-02   9.847321e-05
  2.131277e-01   2.115439e-02   9.760605e-05
  2.182895e-01   2.087351e-02   9.612567e-05
  2.234513e-01   2.075868e-02   9.370341e-05
  2.286130e-01   2.033362e-02   9.254854e-05
  2.337748e-01   2.034187e-02   9.090380e-05
  2.389365e-01   2.003910e-02   8.809102e-05
  2.440983e-01   1.996808e-02   8.745708e-05
  2.492601e-01   1.964609e-02   8.645743e-05
  2.544218e-01   1.937401e-02   8.397089e-05
  2.595836e-01   1.919243e-02   8.346849e-05
  2.647454e-01   1.899473e-02   8.209404e-05
  2.699071e-01   1.884151e-02   7.997263e-05
  2.750689e-01   1.861293e-02   8.021035e-05
  2.802306e-01   1.839083e-02   7.857664e-05
  2.853924e-01   1.807716e-02   7.671275e-05
  2.905541e-01   1.794332e-02   7.715505e-05
  2.957159e-01   1.774718e-02   7.808413e-05
  3.008777e-01   1.753252e-02   7.783556e-05
  3.060394e-01   1.733234e-02   7.831938e-05
  3.112012e-01   1.705331e-02   7.709578e-05
  3.163629e-01   1.682394e-02   7.633178e-05
  3.215247e-01   1.671428e-02   7.661416e-05
  3.266865e-01   1.649029e-02   7.601745e-05
  3.318482e-01   1.639458e-02   7.526408e-05
  3.370100e-01   1.603241e-02   7.455201e-05
  3.421718e-01   1.576750e-02   7.452466e-05
  3.473335e-01   1.551660e-02   7.428160e-05
  3.524953e-01   1.552557e-02   7.394427e-05
  3.576570e-01   1.538127e-02   7.137400e-05
  3.628188e-01   1.500068e-02   6.852611e-05
  3.679805e-01   1.495172e-02   6.868568e-05
  3.731423e-01   1.467566e-02   6.737268e-05
  3.783041e-01   1.446587e-02   6.559268e-05
  3.834658e-01   1.438032e-02   6.530771e-05
  3.886276e-01   1.416116e-02   6.444095e-05
  3.937894e-01   1.393081e-02   6.326596e-05
  3.989511e-01   1.371442e-02   6.311056e-05
  4.041129e-01   1.360031e-02   6.245417e-05
  4.092746e-01   1.346219e-02   6.074779e-05
  4.144364e-01   1.330243e-02   6.068690e-05
  4.195982e-01   1.314424e-02   6.035812e-05
  4.247599e-01   1.299220e-02   5.900572e-05
  4.299217e-01   1.280679e-02   5.891838e-05
  4.350834e-01   1.256510e-02   5.808512e-05
  4.402452e-01   1.253208e-02   5.710658e-05
  4.454069e-01   1.234330e-02   5.695657e-05
  4.505687e-01   1.205481e-02   5.668066e-05
  4.557305e-01   1.207660e-02   5.523490e-05
  4.608922e-01   1.173617e-02   5.543141e-05
  4.660540e-01   1.159748e-02   5.483201e-05
  4.712158e-01   1.158443e-02   5.550117e-05
  4.763775e-01   1.140926e-02   5.597867e-05
  4.815393e-01   1.124927e-02   5.588268e-05
  4.867010e-01   1.110255e-02   5.537999e-05
  4.918628e-01   1.080105e-02   5.577651e-05
  4.970246e-01   1.087938e-02   5.546396e-05
  5.021863e-01   1.074212e-02   5.537205e-05
  5.073481e-01   1.056148e-02   5.510752e-05
  5.125098e-01   1.042846e-02   5.511738e-05
  5.176716e-01   1.024673e-02   5.478941e-05
  5.228333e-01   1.024228e-02   5.473588e-05
  5.279951e-01   1.005460e-02   5.473866e-05
  5.331569e-01   9.979236e-03   5.349793e-05
  5.383186e-01   9.727067e-03   5.292503e-05
  5.434804e-01   9.718230e-03   5.225394e-05
  5.486422e-01   9.596861e-03   5.100425e-05
  5.538039e-01   9.404000e-03   5.063745e-05
  5.589657e-01   9.398109e-03   5.036620e-05
  5.641274e-01   9.159583e-03   4.928267e-05
  5.692892e-01   9.081905e-03   4.947425e-05
  5.744510e-01   9.068831e-03   4.937799e-05
  5.796127e-01   8.792120e-03   4.813547e-05
  5.847745e-01   8.650895e-03   4.799043e-05
  5.899363e-01   8.707266e-03   4.794689e-05
  5.950980e-01   8.518691e-03   4.697442e-05
  6.002598e-01   8.511308e-03   4.701782e-05
  6.054215e-01   8.295983e-03   4.670151e-05
  6.105833e-01   8.206692e-03   4.600615e-05
  6.157451e-01   8.188040e-03   4.604960e-05
  6.209068e-01   8.017003e-03   4.575849e-05
  6.260686e-01   7.952979e-03   4.494782e-05
  6.312303e-01   7.788124e-03   4.503354e-05
  6.363921e-01   7.762465e-03   4.501790e-05
  6.415538e-01   7.695271e-03   4.396123e-05
  6.467156e-01   7.508479e-03   4.408886e-05
  6.518773e-01   7.551780e-03   4.397141e-05
  6.570391e-01   7.362526e-03   4.339524e-05
  6.622009e-01   7.344381e-03   4.404355e-05
  6.673626e-01   7.224497e-03   4.448017e-05
  6.725244e-01   7.107298e-03   4.387791e-05
  6.776862e-01   7.107863e-03   4.426980e-05
  6.828479e-01   6.950428e-03   4.476327e-05
  6.880097e-01   6.895039e-03   4.353550e-05
  6.931714e-01   6.826347e-03   4.306966e-05
  6.983332e-01   6.831283e-03   4.281998e-05
  7.034950e-01   6.664214e-03   4.174254e-05
  7.086567e-01   6.555516e-03   4.217017e-05
  7.138185e-01   6.498503e-03   4.176979e-05
  7.189803e-01   6.353259e-03   4.093317e-05
  7.241420e-01   6.330501e-03   4.104864e-05
  7.293038e-01   6.282881e-03   4.089670e-05
  7.344655e-01   6.254555e-03   4.006641e-05
  7.396273e-01   6.105662e-03   4.001717e-05
  7.447891e-01   6.116242e-03   3.985519e-05
  7.499508e-01   5.994336e-03   3.937181e-05
  7.551126e-01   5.901675e-03   3.951556e-05
  7.602744e-01   5.908678e-03   3.938047e-05
  7.654361e-01   5.777679e-03   3.873292e-05
  7.705979e-01   5.756606e-03   3.898697e-05
  7.757596e-01   5.686547e-03   3.886617e-05
  7.809214e-01   5.567164e-03   3.836269e-05
  7.860831e-01   5.537779e-03   3.837487e-05
  7.912449e-01   5.494585e-03   3.815632e-05
  7.964066e-01   5.532861e-03   3.775422e-05
  8.015684e-01   5.390406e-03   3.792453e-05
  8.067302e-01   5.299031e-03   3.766022e-05
  8.118919e-01   5.198152e-03   3.712389e-05
  8.170537e-01   5.191535e-03   3.716179e-05
  8.222154e-01   5.139561e-03   3.680671e-05
  8.273772e-01   5.073439e-03   3.657854e-05
  8.325390e-01   4.976048e-03   3.649804e-05
  8.377007e-01   4.973940e-03   3.646985e-05
  8.428625e-01   4.863821e-03   3.598479e-05
  8.480242e-01   4.849626e-03   3.586631e-05
  8.531860e-01   4.807472e-03   3.596787e-05
  8.583478e-01   4.736681e-03   3.558339e-05
  8.635095e-01   4.633449e-03   3.560458e-05
  8.686713e-01   4.635054e-03   3.548785e-05
  8.738331e-01   4.481789e-03   3.505379e-05
  8.789948e-01   4.581229e-03   3.521267e-05
  8.841566e-01   4.481686e-03   3.513844e-05
  8.893183e-01   4.452575e-03   3.483022e-05
  8.944801e-01   4.399597e-03   3.467709e-05
  8.996419e-01   4.299749e-03   3.461286e-05
  9.048036e-01   4.321987e-03   3.425112e-05
  9.099654e-01   4.253371e-03   3.439914e-05
  9.151272e-01   4.215696e-03   3.420479e-05
  9.202889e-01   4.170332e-03   3.376827e-05
  9.254507e-01   4.110486e-03   3.402424e-05
  9.306124e-01   4.057639e-03   3.379313e-05
  9.357742e-01   4.011181e-03   3.350534e-05
  9.409359e-01   3.973667e-03   3.338521e-05
  9.460977e-01   3.967202e-03   3.342561e-05
  9.512594e-01   3.926711e-03   3.321705e-05
  9.564212e-01   3.806562e-03   3.310940e-05
  9.615830e-01   3.852625e-03   3.306479e-05
  9.667447e-01   3.693878e-03   3.260234e-05
  9.719065e-01   3.693326e-03   3.265354e-05
  9.770682e-01   3.709440e-03   3.260840e-05
  9.822300e-01   3.659004e-03   3.261142e-05
  9.873918e-01   3.649406e-03   3.309459e-05
  9.925535e-01   3.575553e-03   3.309675e-05
  9.977153e-01   3.486412e-03   3.308957e-05
  1.002877e+00   3.483838e-03   3.330972e-05
  1.008039e+00   3.342881e-03   3.338968e-05
  1.013201e+00   3.396168e-03   3.342025e-05
  1.018362e+00   3.396234e-03   3.356760e-05
  1.023524e+00   3.350691e-03   3.380209e-05
  1.028686e+00   3.245817e-03   3.333343e-05
  1.033848e+00   3.251170e-03   3.346846e-05
  1.039009e+00   3.253161e-03   3.348448e-05
  1.044171e+00   3.171239e-03   3.321982e-05
  1.049333e+00   3.090450e-03   3.323991e-05
  1.054495e+00   3.076609e-03   3.343418e-05
  1.059656e+00   3.046821e-03   3.319799e-05
  1.064818e+00   3.099744e-03   3.326998e-05
  1.069980e+00   2.990745e-03   3.340419e-05
  1.075142e+00   2.993803e-03   3.298525e-05
  1.080303e+00   2.943108e-03   3.318661e-05
  1.085465e+00   2.934768e-03   3.330217e-05
  1.090627e+00   2.837063e-03   3.287003e-05
  1.095789e+00   2.820708e-03   3.304898e-05
  1.100950e+00   2.899986e-03   3.322395e-05
  1.106112e+00   2.793640e-03   3.277621e-05
  1.111274e+00   2.833428e-03   3.342984e-05
  1.116436e+00   2.784382e-03   3.379962e-05
  1.121598e+00   2.639358e-03   3.385706e-05
  1.126759e+00   2.649975e-03   3.411624e-05
  1.131921e+00   2.652320e-03   3.440822e-05
  1.137083e+00   2.622720e-03   3.427355e-05
  1.142245e+00   2.570536e-03   3.418000e-05
  1.147406e+00   2.546415e-03   3.444546e-05
  1.152568e+00   2.530445e-03   3.439644e-05
  1.157730e+00   2.531009e-03   3.449756e-05
  1.162892e+00   2.529109e-03   3.434999e-05
  1.168053e+00   2.470644e-03   3.424638e-05
  1.173215e+00   2.445482e-03   3.439892e-05
  1.178377e+00   2.499926e-03   3.382763e-05
  1.183539e+00   2.349131e-03   3.326435e-05
  1.188700e+00   2.445025e-03   3.374936e-05
  1.193862e+00   2.316222e-03   3.363283e-05
  1.199024e+00   2.302556e-03   3.331947e-05
  1.204186e+00   2.309030e-03   3.385297e-05
  1.209347e+00   2.292284e-03   3.368376e-05
  1.214509e+00   2.199117e-03   3.342874e-05
  1.219671e+00   2.236272e-03   3.366011e-05
  1.224833e+00   2.194266e-03   3.352554e-05
  1.229995e+00   2.173579e-03   3.319666e-05
  1.235156e+00   2.095113e-03   3.371475e-05
  1.240318e+00   2.132155e-03   3.344503e-05
  1.245480e+00   2.092490e-03   3.329766e-05
  1.250642e+00   2.113154e-03   3.347461e-05
  1.255803e+00   2.052820e-03   3.334273e-05
  1.260965e+00   2.063746e-03   3.323630e-05
  1.266127e+00   2.018091e-03   3.354239e-05
  1.271289e+00   1.941602e-03   3.318116e-05
  1.276450e+00   1.978568e-03   3.303364e-05
  1.281612e+00   2.020530e-03   3.328695e-05
  1.286774e+00   1.894309e-03   3.305880e-05
  1.291936e+00   1.911047e-03   3.373698e-05
  1.297097e+00   1.908580e-03   3.405036e-05
  1.302259e+00   1.901120e-03   3.391004e-05
  1.307421e+00   1.803325e-03   3.424420e-05
  1.312583e+00   1.839973e-03   3.454453e-05
  1.317744e+00   1.741095e-03   3.440339e-05
  1.322906e+00   1.745537e-03   3.461644e-05
  1.328068e+00   1.814122e-03   3.509379e-05
  1.333230e+00   1.854563e-03   3.484162e-05
  1.338391e+00   1.702370e-03   3.528502e-05
  1.343553e+00   1.753164e-03   3.522385e-05
  1.348715e+00   1.759844e-03   3.520408e-05
  1.353877e+00   1.687503e-03   3.528456e-05
  1.359038e+00   1.661906e-03   3.475211e-05
  1.364200e+00   1.676061e-03   3.446555e-05
  1.369362e+00   1.595335e-03   3.399707e-05
  1.374524e+00   1.624375e-03   3.416533e-05
  1.379686e+00   1.621061e-03   3.417051e-05
  1.384847e+00   1.568712e-03   3.378428e-05
  1.390009e+00   1.552867e-03   3.394852e-05
  1.395171e+00   1.546765e-03   3.347760e-05
  1.400333e+00   1.543806e-03   3.361815e-05
  1.405494e+00   1.523881e-03   3.360963e-05
  1.410656e+00   1.538708e-03   3.345464e-05
  1.415818e+00   1.486372e-03   3.319848e-05
  1.420980e+00   1.515609e-03   3.358437e-05
  1.426141e+00   1.455928e-03   3.328290e-05
  1.431303e+00   1.498321e-03   3.314804e-05
  1.436465e+00   1.361520e-03   3.324258e-05
  1.441627e+00   1.406279e-03   3.301180e-05
  1.446788e+00   1.404404e-03   3.293920e-05
  1.451950e+00   1.397248e-03   3.314854e-05
  1.457112e+00   1.341510e-03   3.273719e-05
  1.462274e+00   1.445917e-03   3.269544e-05
  1.467435e+00   1.316079e-03   3.277910e-05
  1.472597e+00   1.367249e-03   3.287137e-05
  1.477759e+00   1.345984e-03   3.252706e-05
  1.482921e+00   1.268348e-03   3.265496e-05
  1.488083e+00   1.320070e-03   3.252304e-05
  1.493244e+00   1.264868e-03   3.238506e-05
  1.498406e+00   1.211021e-03   3.261159e-05
  1.503568e+00   1.272234e-03   3.234424e-05
  1.508730e+00   1.265868e-03   3.229899e-05
  1.513891e+00   1.264420e-03   3.249883e-05
  1.519053e+00   1.174763e-03   3.244103e-05
  1.524215e+00   1.121431e-03   3.231098e-05
  1.529377e+00   1.225194e-03   3.233494e-05
  1.534538e+00   1.178991e-03   3.228478e-05
  1.539700e+00   1.218881e-03   3.206368e-05
  1.544862e+00   1.142549e-03   3.228310e-05
  1.550024e+00   1.149382e-03   3.211922e-05
  1.555185e+00   1.172768e-03   3.202284e-05
  1.560347e+00   1.123086e-03   3.226736e-05
  1.565509e+00   1.092894e-03   3.209553e-05
  1.570671e+00   1.107488e-03   3.172568e-05
  1.575832e+00   1.019947e-03   3.199980e-05
  1.580994e+00   1.084012e-03   3.196623e-05
  1.586156e+00   1.037751e-03   3.175900e-05
  1.591318e+00   1.099538e-03   3.193325e-05
  1.596480e+00   1.018418e-03   3.175131e-05
  1.601641e+00   1.033281e-03   3.159671e-05
  1.606803e+00   1.024605e-03   3.183048e-05
  1.611965e+00   9.880201e-04   3.166242e-05
  1.617127e+00   1.039590e-03   3.155667e-05
  1.622288e+00   9.742780e-04   3.161732e-05
  1.627450e+00   9.799946e-04   3.160547e-05
  1.632612e+00   9.535642e-04   3.137194e-05
  1.637774e+00   9.897368e-04   3.165256e-05
  1.642935e+00   9.324467e-04   3.137793e-05
  1.648097e+00   9.501702e-04   3.141713e-05
  1.653259e+00   9.383423e-04   3.148316e-05
  1.658421e+00   9.641450e-04   3.148741e-05
  1.663582e+00   9.186196e-04   3.119977e-05
  1.668744e+00   9.318320e-04   3.142679e-05
  1.673906e+00   8.919870e-04   3.131496e-05
  1.679068e+00   9.433911e-04   3.109076e-05
  1.684229e+00   8.933730e-04   3.127095e-05
  1.689391e+00   9.217985e-04   3.121298e-05
  1.694553e+00   8.611899e-04   3.106424e-05
  1.699715e+00   9.193812e-04   3.153195e-05
  1.704876e+00   9.073751e-04   3.094719e-05
  1.710038e+00   9.049000e-04   3.098818e-05
  1.715200e+00   8.154895e-04   3.104979e-05
  1.720362e+00   8.930680e-04   3.099375e-05
  1.725523e+00   8.600511e-04   3.084208e-05
  1.730685e+00   8.565720e-04   3.096235e-05
  1.735847e+00   8.382571e-04   3.085095e-05
  1.741009e+00   7.778144e-04   3.064463e-05
  1.746171e+00   8.393461e-04   3.114373e-05
  1.751332e+00   7.755368e-04   3.073458e-05
  1.756494e+00   7.816747e-04   3.052257e-05
  1.761656e+00   7.892743e-04   3.073692e-05
  1.766818e+00   7.686815e-04   3.051933e-05
  1.771979e+00   7.412962e-04   3.044671e-05
  1.777141e+00   7.074456e-04   3.058570e-05
  1.782303e+00   7.038632e-04   3.043916e-05
  1.787465e+00   7.315176e-04   3.022882e-05
  1.792626e+00   7.640904e-04   3.058624e-05
  1.797788e+00   7.222456e-04   3.021332e-05
  1.802950e+00   7.135432e-04   3.000251e-05
  1.808112e+00   6.861624e-04   3.031087e-05
  1.813273e+00   6.683673e-04   3.012276e-05
  1.818435e+00   6.980526e-04   3.003378e-05
  1.823597e+00   7.743441e-04   3.024684e-05
  1.828759e+00   7.221111e-04   3.008187e-05
  1.833920e+00   6.370408e-04   3.005799e-05
  1.839082e+00   6.834722e-04   3.014915e-05
  1.844244e+00   6.459361e-04   3.000433e-05
  1.849406e+00   6.893591e-04   2.976481e-05
  1.854568e+00   6.648073e-04   3.009102e-05
  1.859729e+00   6.656906e-04   2.999925e-05
  1.864891e+00   6.600861e-04   2.975034e-05
  1.870053e+00   6.249668e-04   3.006563e-05
  1.875215e+00   6.487473e-04   2.988565e-05
  1.880376e+00   6.463576e-04   2.978831e-05
  1.885538e+00   6.562304e-04   3.002132e-05
  1.890700e+00   6.600548e-04   2.978822e-05
  1.895862e+00   5.928603e-04   2.961419e-05
  1.901023e+00   6.049523e-04   2.986691e-05
  1.906185e+00   6.345884e-04   2.979066e-05
  1.911347e+00   6.319072e-04   2.957109e-05
  1.916509e+00   6.150133e-04   2.981600e-05
  1.921670e+00   6.251596e-04   2.959351e-05
  1.926832e+00   5.703664e-04   2.973227e-05
  1.931994e+00   6.025671e-04   2.974788e-05
  1.937156e+00   5.547593e-04   2.947438e-05
  1.942317e+00   5.780154e-04   2.944750e-05
  1.947479e+00   5.755494e-04   2.966949e-05
  1.952641e+00   5.767554e-04   2.955158e-05
  1.957803e+00   5.741192e-04   2.942558e-05
  1.962964e+00   6.341714e-04   2.961806e-05
  1.968126e+00   5.452901e-04   2.947440e-05
  1.973288e+00   4.886857e-04   2.934672e-05
  1.978450e+00   5.317320e-04   2.954142e-05
  1.983611e+00   4.932410e-04   2.941135e-05
  1.988773e+00   5.309026e-04   2.927068e-05
  1.993935e+00   5.487245e-04   2.943464e-05
  1.999097e+00   5.165463e-04   2.926962e-05
  2.004259e+00   5.125784e-04   2.923041e-05
  2.009420e+00   5.068663e-04   2.942391e-05
  2.014582e+00   4.942139e-04   2.933970e-05
  2.019744e+00   5.025981e-04   2.923601e-05
  2.024906e+00   5.154523e-04   2.929821e-05
  2.030067e+00   5.626638e-04   2.925264e-05
  2.035229e+00   4.320858e-04   2.903300e-05
  2.040391e+00   4.514276e-04   2.927709e-05
  2.045553e+00   4.502484e-04   2.907681e-05
  2.050714e+00   4.771631e-04   2.906639e-05
  2.055876e+00   4.760690e-04   2.924252e-05
  2.061038e+00   5.101483e-04   2.907708e-05
  2.066200e+00   4.568751e-04   2.911646e-05
  2.071362e+00   5.082922e-04   2.918569e-05
  2.076523e+00   4.624123e-04   2.893984e-05
  2.081685e+00   5.049295e-04   2.892604e-05
  2.086847e+00   4.302296e-04   2.909238e-05
  2.092008e+00   4.227600e-04   2.900773e-05
  2.097170e+00   4.421513e-04   2.892001e-05
  2.102332e+00   4.634121e-04   2.904705e-05
  2.107494e+00   5.068574e-04   2.904121e-05
  2.112655e+00   4.793062e-04   2.965023e-05
  2.117817e+00   4.510376e-04   2.997078e-05
  2.122979e+00   4.260554e-04   2.995100e-05
  2.128141e+00   4.887216e-04   3.029245e-05
  2.133302e+00   4.307900e-04   3.047398e-05
  2.138464e+00   4.418912e-04   3.050431e-05
  2.143626e+00   4.464509e-04   3.091264e-05
  2.148788e+00   4.368203e-04   3.100252e-05
  2.153949e+00   4.154788e-04   3.097138e-05
  2.159111e+00   4.043866e-04   3.115334e-05
  2.164273e+00   4.380488e-04   3.132245e-05
  2.169435e+00   4.515756e-04   3.130638e-05
  2.174597e+00   4.586058e-04   3.116964e-05
  2.179758e+00   4.491007e-04   3.084613e-05
  2.184920e+00   4.263109e-04   3.040644e-05
  2.190082e+00   3.831705e-04   3.016355e-05
  2.195244e+00   4.200251e-04   3.033800e-05
  2.200405e+00   4.094933e-04   3.014083e-05
  2.205567e+00   3.714999e-04   2.982997e-05
  2.210729e+00   3.616990e-04   2.987549e-05
  2.215891e+00   3.606857e-04   2.967635e-05
  2.221052e+00   3.693434e-04   2.948689e-05
  2.226214e+00   4.518715e-04   2.972199e-05
  2.231376e+00   4.194915e-04   2.943554e-05
  2.236538e+00   4.147435e-04   2.953016e-05
  2.241699e+00   4.129277e-04   2.958242e-05
  2.246861e+00   3.956168e-04   2.943880e-05
  2.252023e+00   3.598877e-04   2.915817e-05
  2.257185e+00   4.082783e-04   2.946015e-05
  2.262347e+00   3.673572e-04   2.913323e-05
  2.267508e+00   3.840179e-04   2.911157e-05
  2.272670e+00   3.816148e-04   2.934413e-05
  2.277832e+00   3.755396e-04   2.911616e-05
  2.282994e+00   3.793730e-04   2.917154e-05
  2.288155e+00   3.547406e-04   2.940143e-05
  2.293317e+00   3.344975e-04   2.901790e-05
  2.298479e+00   3.571392e-04   2.907159e-05
  2.303641e+00   3.225355e-04   2.920047e-05
  2.308802e+00   3.529830e-04   2.891735e-05
  2.313964e+00   4.119772e-04   2.891774e-05
  2.319126e+00   3.234814e-04   2.912184e-05
  2.324288e+00   3.057671e-04   2.879447e-05
  2.329449e+00   3.289872e-04   2.899493e-05
  2.334611e+00   3.542743e-04   2.903526e-05
  2.339773e+00   3.218449e-04   2.881653e-05
  2.344935e+00   3.305251e-04   2.882093e-05
  2.350096e+00   3.212039e-04   2.891902e-05
  2.355258e+00   3.734951e-04   2.865182e-05
  2.360420e+00   3.809871e-04   2.878576e-05
  2.365582e+00   3.025165e-04   2.882085e-05
  2.370744e+00   3.226116e-04   2.876151e-05
  2.375905e+00   3.823232e-04   2.869555e-05
  2.381067e+00   2.666797e-04   2.890108e-05
  2.386229e+00   2.999564e-04   2.851760e-05
  2.391391e+00   3.848474e-04   2.866652e-05
  2.396552e+00   3.388151e-04   2.876972e-05
  2.401714e+00   3.255349e-04   2.849812e-05
  2.406876e+00   3.351072e-04   2.858596e-05
  2.412038e+00   3.533417e-04   2.865011e-05
  2.417199e+00   3.508578e-04   2.844258e-05
  2.422361e+00   2.751133e-04   2.856747e-05
  2.427523e+00   3.620846e-04   2.860833e-05
  2.432685e+00   3.368155e-04   2.841311e-05
  2.437846e+00   3.391559e-04   2.828605e-05
  2.443008e+00   2.833988e-04   2.837824e-05
  2.448170e+00   3.474548e-04   2.815975e-05
  2.453332e+00   2.942399e-04   2.829522e-05
  2.458493e+00   3.074170e-04   2.820283e-05
  2.463655e+00   3.158012e-04   2.806658e-05
  2.468817e+00   3.009652e-04   2.810254e-05
  2.473979e+00   3.081119e-04   2.816291e-05
  2.479141e+00   3.142364e-04   2.792986e-05
  2.484302e+00   3.217553e-04   2.806355e-05
  2.489464e+00   3.678504e-04   2.805958e-05
  2.494626e+00   3.171059e-04   2.788134e-05
  2.499788e+00   3.144696e-04   2.799874e-05
  2.504949e+00   3.131514e-04   2.801872e-05
  2.510111e+00   3.262029e-04   2.788291e-05
  2.515273e+00   3.098784e-04   2.796479e-05
  2.520435e+00   3.218002e-04   2.808060e-05
  2.525596e+00   3.182178e-04   2.786620e-05
  2.530758e+00   2.813050e-04   2.791474e-05
  2.535920e+00   2.917427e-04   2.794782e-05
  2.541082e+00   2.979613e-04   2.780440e-05
  2.546243e+00   2.560628e-04   2.787713e-05
  2.551405e+00   3.100712e-04   2.785675e-05
  2.556567e+00   2.691995e-04   2.782108e-05
  2.561729e+00   3.590626e-04   2.790774e-05
  2.566890e+00   2.685404e-04   2.789848e-05
  2.572052e+00   2.356448e-04   2.798801e-05
  2.577214e+00   2.672895e-04   2.849342e-05
  2.582376e+00   2.761310e-04   2.882895e-05
  2.587538e+00   2.367388e-04   2.899567e-05
  2.592699e+00   3.310496e-04   2.912922e-05
  2.597861e+00   2.843313e-04   2.919863e-05
  2.603023e+00   2.867839e-04   2.852784e-05
  2.608185e+00   2.854074e-04   2.854320e-05
  2.613346e+00   3.164872e-04   2.849404e-05
  2.618508e+00   2.814395e-04   2.823787e-05
  2.623670e+00   2.886625e-04   2.824799e-05
  2.628832e+00   3.073945e-04   2.824615e-05
  2.633993e+00   3.464774e-04   2.800957e-05
  2.639155e+00   2.641152e-04   2.812861e-05
  2.644317e+00   2.675674e-04   2.814193e-05
  2.649479e+00   2.985217e-04   2.809098e-05
  2.654640e+00   2.670250e-04   2.813397e-05
  2.659802e+00   2.350620e-04   2.814055e-05
  2.664964e+00   2.609274e-04   2.800107e-05
  2.670126e+00   2.562959e-04   2.807958e-05
  2.675287e+00   2.661058e-04   2.807883e-05
  2.680449e+00   3.167158e-04   2.788491e-05
  2.685611e+00   2.458897e-04   2.803563e-05
  2.690773e+00   2.242118e-04   2.792689e-05
  2.695935e+00   2.112455e-04   2.787130e-05
  2.701096e+00   2.750998e-04   2.800509e-05
  2.706258e+00   2.700693e-04   2.797275e-05
  2.711420e+00   2.232075e-04   2.782236e-05
  2.716581e+00   3.102416e-04   2.789050e-05
  2.721743e+00   3.317312e-04   2.791122e-05
  2.726905e+00   2.277852e-04   2.774399e-05
  2.732067e+00   2.634068e-04   2.790730e-05
  2.737228e+00   2.801886e-04   2.783194e-05
  2.742390e+00   2.504718e-04   2.775128e-05
  2.747552e+00   2.596272e-04   2.783517e-05
  2.752714e+00   3.052245e-04   2.784981e-05
  2.757875e+00   2.710736e-04   2.773351e-05
  2.763037e+00   2.293275e-04   2.771299e-05
  2.768199e+00   2.745483e-04   2.768963e-05
  2.773361e+00   2.973963e-04   2.754197e-05
  2.778522e+00   2.622276e-04   2.769461e-05
  2.783684e+00   2.460062e-04   2.766263e-05
  2.788846e+00   2.411685e-04   2.752850e-05
  2.794008e+00   2.709256e-04   2.766909e-05
  2.799170e+00   2.452127e-04   2.766904e-05
  2.804331e+00   2.567308e-04   2.740391e-05
  2.809493e+00   2.393348e-04   2.757140e-05
  2.814655e+00   2.325377e-04   2.744052e-05
  2.819817e+00   2.376848e-04   2.730568e-05
  2.824978e+00   2.319191e-04   2.750597e-05
  2.830140e+00   2.883082e-04   2.740987e-05
  2.835302e+00   2.645456e-04   2.739239e-05
  2.840464e+00   2.497993e-04   2.755092e-05
  2.845625e+00   2.868645e-04   2.755115e-05
  2.850787e+00   2.225844e-04   2.734836e-05
  2.855949e+00   2.221853e-04   2.747267e-05
  2.861111e+00   2.658234e-04   2.741874e-05
  2.866272e+00   2.539556e-04   2.731458e-05
  2.871434e+00   2.962844e-04   2.755246e-05
  2.876596e+00   2.734723e-04   2.733725e-05
  2.881758e+00   2.512385e-04   2.733212e-05
  2.886919e+00   2.434507e-04   2.735221e-05
  2.892081e+00   2.202485e-04   2.736041e-05
  2.897243e+00   2.924465e-04   2.710638e-05
  2.902405e+00   2.292648e-04   2.726315e-05
  2.907567e+00   2.311165e-04   2.721385e-05
  2.912728e+00   2.528032e-04   2.710772e-05
  2.917890e+00   2.421280e-04   2.736648e-05
  2.923052e+00   1.857298e-04   2.714093e-05
  2.928214e+00   2.741179e-04   2.744983e-05
  2.933375e+00   2.386129e-04   2.797573e-05
  2.938537e+00   2.442577e-04   2.823900e-05
  2.943699e+00   1.988217e-04   2.839805e-05
  2.948861e+00   2.382183e-04   2.866424e-05
  2.954022e+00   2.244674e-04   2.868401e-05
  2.959184e+00   2.329368e-04   2.898541e-05
  2.964346e+00   2.873891e-04   2.925518e-05
  2.969508e+00   2.334569e-04   2.905568e-05
  2.974669e+00   2.436210e-04   2.938197e-05
  2.979831e+00   2.754405e-04   2.966444e-05
  2.984993e+00   2.442980e-04   2.956726e-05
  2.990155e+00   1.993463e-04   2.962934e-05
  2.995317e+00   2.292738e-04   2.950830e-05
  3.000478e+00   2.881199e-04   2.898966e-05
  3.005640e+00   2.316903e-04   2.856854e-05
  3.010802e+00   2.402673e-04   2.870713e-05
  3.015964e+00   2.246064e-04   2.831044e-05
  3.021125e+00   2.403570e-04   2.824868e-05
  3.026287e+00   2.271575e-04   2.835673e-05
  3.031449e+00   2.029958e-04   2.813009e-05
  3.036611e+00   2.472033e-04   2.796105e-05
  3.041772e+00   2.177018e-04   2.810784e-05
  3.046934e+00   2.224364e-04   2.801384e-05
  3.052096e+00   1.441227e-04   2.791056e-05
  3.057258e+00   1.957639e-04   2.796095e-05
  3.062419e+00   2.258125e-04   2.785438e-05
  3.067581e+00   1.964499e-04   2.778750e-05
  3.072743e+00   2.581880e-04   2.810159e-05
  3.077905e+00   2.617793e-04   2.780997e-05
  3.083066e+00   2.055918e-04   2.770309e-05
  3.088228e+00   2.194817e-04   2.795553e-05
  3.093390e+00   2.099587e-04   2.775656e-05
  3.098552e+00   2.177018e-04   2.771420e-05
  3.103714e+00   2.187868e-04   2.784279e-05
  3.108875e+00   2.308744e-04   2.758075e-05
  3.114037e+00   2.238577e-04   2.767008e-05
  3.119199e+00   2.301525e-04   2.784675e-05
  3.124361e+00   2.914064e-04   2.761843e-05
  3.129522e+00   2.219208e-04   2.760241e-05
  3.134684e+00   2.297669e-04   2.771146e-05
  3.139846e+00   2.076722e-04   2.736935e-05
  3.145008e+00   2.411326e-04   2.752924e-05
  3.150169e+00   2.086495e-04   2.742560e-05
  3.155331e+00   2.434775e-04   2.734545e-05
  3.160493e+00   2.131330e-04   2.733697e-05
  3.165655e+00   2.356269e-04   2.749277e-05
  3.170816e+00   2.277045e-04   2.724285e-05
  3.175978e+00   1.954322e-04   2.731445e-05
  3.181140e+00   2.447643e-04   2.732833e-05
  3.186302e+00   2.075422e-04   2.717509e-05
  3.191463e+00   2.436165e-04   2.729195e-05
  3.196625e+00   2.115414e-04   2.728444e-05
  3.201787e+00   1.585731e-04   2.715325e-05
  3.206949e+00   2.283726e-04   2.732308e-05
  3.212111e+00   2.516689e-04   2.737838e-05
  3.217272e+00   2.212752e-04   2.718498e-05
  3.222434e+00   1.700016e-04   2.731489e-05
  3.227596e+00   2.060850e-04   2.735862e-05
  3.232758e+00   2.226919e-04   2.721506e-05
  3.237919e+00   2.632229e-04   2.736533e-05
  3.243081e+00   1.981491e-04   2.729076e-05
  3.248243e+00   2.289016e-04   2.728851e-05
  3.253405e+00   2.430023e-04   2.736832e-05
  3.258566e+00   2.107030e-04   2.745806e-05
  3.263728e+00   2.481493e-04   2.718404e-05
  3.268890e+00   1.981222e-04   2.737984e-05
  3.274052e+00   1.761755e-04   2.733961e-05
  3.279213e+00   2.334972e-04   2.727517e-05
  3.284375e+00   2.557758e-04   2.735419e-05
  3.289537e+00   2.201812e-04   2.735287e-05
  3.294699e+00   1.782020e-04   2.717699e-05
  3.299860e+00   2.300359e-04   2.744963e-05
  3.305022e+00   1.935356e-04   2.742929e-05
  3.310184e+00   2.472750e-04   2.723492e-05
  3.315346e+00   2.048924e-04   2.742320e-05
  3.320507e+00   1.756643e-04   2.724518e-05
  3.325669e+00   2.265522e-04   2.737319e-05
  3.330831e+00   2.269871e-04   2.729969e-05
  3.335993e+00   2.134469e-04   2.731801e-05
  3.341154e+00   1.639712e-04   2.712327e-05
  3.346316e+00   1.683516e-04   2.731342e-05
  3.351478e+00   2.152403e-04   2.719320e-05
  3.356640e+00   2.146844e-04   2.723846e-05
  3.361801e+00   2.306905e-04   2.737091e-05
  3.366963e+00   2.239383e-04   2.720676e-05
  3.372125e+00   2.450019e-04   2.718811e-05
  3.377287e+00   1.681544e-04   2.728386e-05
  3.382448e+00   1.394823e-04   2.728049e-05
  3.387610e+00   2.315514e-04   2.728586e-05
  3.392772e+00   1.758526e-04   2.736830e-05
  3.397934e+00   1.537623e-04   2.726259e-05
  3.403095e+00   1.993822e-04   2.726818e-05
  3.408257e+00   2.220060e-04   2.761111e-05
  3.413419e+00   1.887159e-04   2.727324e-05
  3.418581e+00   1.823179e-04   2.723195e-05
  3.423743e+00   2.257407e-04   2.739939e-05
  3.428904e+00   2.570536e-04   2.731684e-05
  3.434066e+00   2.095687e-04   2.719648e-05
  3.439228e+00   1.984495e-04   2.750716e-05
  3.444390e+00   1.591112e-04   2.728093e-05
  3.449551e+00   1.984137e-04   2.725579e-05
  3.454713e+00   2.440066e-04   2.748763e-05
  3.459875e+00   1.832908e-04   2.730793e-05
  3.465037e+00   2.020050e-04   2.717378e-05
  3.470198e+00   2.385950e-04   2.743573e-05
  3.475360e+00   2.003685e-04   2.726603e-05
  3.480522e+00   2.360887e-04   2.726218e-05
  3.485684e+00   2.234900e-04   2.741884e-05
  3.490845e+00   2.132989e-04   2.726231e-05
  3.496007e+00   1.663834e-04   2.725526e-05
  3.501169e+00   1.838422e-04   2.754219e-05
  3.506331e+00   1.678181e-04   2.735589e-05
  3.511492e+00   2.138236e-04   2.720050e-05
  3.516654e+00   2.096987e-04   2.750336e-05
  3.521816e+00   1.894556e-04   2.726364e-05
  3.526978e+00   2.124875e-04   2.732371e-05
  3.532140e+00   2.086002e-04   2.745897e-05
  3.537301e+00   1.925089e-04   2.738126e-05
  3.542463e+00   2.334299e-04   2.731230e-05
  3.547625e+00   1.704231e-04   2.749619e-05
  3.552787e+00   2.217011e-04   2.740103e-05
  3.557948e+00   2.339814e-04   2.725380e-05
  3.563110e+00   2.283681e-04   2.752330e-05
  3.568272e+00   1.846582e-04   2.733356e-05
  3.573434e+00   2.224812e-04   2.718645e-05
  3.578595e+00   1.818919e-04   2.748138e-05
  3.583757e+00   2.119898e-04   2.728335e-05
  3.588919e+00   1.554884e-04   2.737159e-05
  3.594081e+00   1.993283e-04   2.743057e-05
  3.599242e+00   1.961943e-04   2.736338e-05
  3.604404e+00   1.885769e-04   2.720746e-05
  3.609566e+00   1.633570e-04   2.756348e-05
  3.614728e+00   1.963244e-04   2.727067e-05
  3.619889e+00   1.646752e-04   2.738795e-05
  3.625051e+00   1.789642e-04   2.738860e-05
  3.630213e+00   1.962302e-04   2.729916e-05
  3.635375e+00   2.493958e-04   2.742602e-05
  3.640537e+00   1.962167e-04   2.758591e-05
  3.645698e+00   1.788341e-04   2.727987e-05
  3.650860e+00   1.813449e-04   2.740244e-05
  3.656022e+00   1.863665e-04   2.747294e-05
  3.661184e+00   1.831518e-04   2.725896e-05
  3.666345e+00   2.119494e-04   2.747925e-05
  3.671507e+00   1.470460e-04   2.742614e-05
  3.676669e+00   2.076228e-04   2.733916e-05
  3.681831e+00   1.563404e-04   2.740155e-05
  3.686992e+00   2.537134e-04   2.751035e-05
  3.692154e+00   2.042602e-04   2.736482e-05
  3.697316e+00   2.358556e-04   2.746716e-05
  3.702478e+00   2.416752e-04   2.749722e-05
  3.707639e+00   2.173072e-04   2.743931e-05
  3.712801e+00   2.124022e-04   2.741716e-05
  3.717963e+00   2.223646e-04   2.746814e-05
  3.723125e+00   2.386129e-04   2.719743e-05
  3.728287e+00   1.954232e-04   2.752321e-05
  3.733448e+00   1.849497e-04   2.747785e-05
  3.738610e+00   1.822461e-04   2.738622e-05
  3.743772e+00   2.045516e-04   2.750777e-05
  3.748934e+00   1.682665e-04   2.793625e-05
  3.754095e+00   1.630163e-04   2.832347e-05
  3.759257e+00   2.299597e-04   2.885028e-05
  3.764419e+00   1.793587e-04   2.879025e-05
  3.769581e+00   2.525791e-04   2.919363e-05
  3.774742e+00   2.067710e-04   2.925782e-05
  3.779904e+00   1.729653e-04   2.925030e-05
  3.785066e+00   1.653343e-04   2.941904e-05
  3.790228e+00   1.634108e-04   2.967591e-05
  3.795389e+00   1.966965e-04   2.937492e-05
  3.800551e+00   2.156618e-04   2.966201e-05
  3.805713e+00   1.756777e-04   2.963476e-05
  3.810875e+00   1.407018e-04   2.960127e-05
  3.816036e+00   2.035159e-04   2.879862e-05
  3.821198e+00   1.600123e-04   2.876030e-05
  3.826360e+00   1.400876e-04   2.844074e-05
  3.831522e+00   2.175807e-04   2.826711e-05
  3.836684e+00   2.161684e-04   2.859187e-05
  3.841845e+00   1.913522e-04   2.829351e-05
  3.847007e+00   1.949210e-04   2.823907e-05
  3.852169e+00   2.056635e-04   2.840116e-05
  3.857331e+00   2.382991e-04   2.826523e-05
  3.862492e+00   1.372316e-04   2.805303e-05
  3.867654e+00   2.092503e-04   2.836725e-05
  3.872816e+00   2.045785e-04   2.825568e-05
  3.877978e+00   1.737992e-04   2.822367e-05
  3.883139e+00   2.379448e-04   2.849547e-05
  3.888301e+00   1.726155e-04   2.823970e-05
  3.893463e+00   1.495792e-04   2.808752e-05
  3.898625e+00   1.505028e-04   2.845372e-05
  3.903786e+00   1.826182e-04   2.813978e-05
  3.908948e+00   1.717771e-04   2.807740e-05
  3.914110e+00   2.007810e-04   2.833874e-05
  3.919272e+00   2.060626e-04   2.823598e-05
  3.924433e+00   1.439210e-04   2.800576e-05
  3.929595e+00   1.289236e-04   2.844780e-05
  3.934757e+00   1.897157e-04   2.828447e-05
  3.939919e+00   1.737498e-04   2.811538e-05
  3.945080e+00   1.788835e-04   2.840603e-05
  3.950242e+00   1.795649e-04   2.823173e-05
  3.955404e+00   1.395630e-04   2.811098e-05
  3.960566e+00   1.893794e-04   2.852192e-05
  3.965727e+00   2.135007e-04   2.835738e-05
  3.970889e+00   1.321786e-04   2.830447e-05
  3.976051e+00   1.709387e-04   2.855841e-05
  3.981213e+00   1.987499e-04   2.826663e-05
  3.986374e+00   1.878998e-04   2.833009e-05
  3.991536e+00   1.564928e-04   2.859132e-05
  3.996698e+00   1.600392e-04   2.830353e-05
  4.001860e+00   1.629804e-04   2.838212e-05
  4.007021e+00   1.978353e-04   2.855786e-05
  4.012183e+00   2.483735e-04   2.828555e-05
  4.017345e+00   1.494267e-04   2.857970e-05
  4.022507e+00   1.963423e-04   2.856787e-05
  4.027668e+00   2.229385e-04   2.848706e-05
  4.032830e+00   1.941050e-04   2.854113e-05
  4.037992e+00   2.038567e-04   2.861017e-05
  4.043154e+00   1.141863e-04   2.826614e-05
  4.048316e+00   2.304529e-04   2.857298e-05
  4.053477e+00   1.957998e-04   2.860002e-05
  4.058639e+00   1.630656e-04   2.847874e-05
  4.063801e+00   1.655181e-04   2.865733e-05
  4.068963e+00   1.640700e-04   2.853847e-05
  4.074124e+00   1.760230e-04   2.859246e-05
  4.079286e+00   2.102277e-04   2.872592e-05
  4.084448e+00   1.454723e-04   2.852590e-05
  4.089610e+00   1.723914e-04   2.864372e-05
  4.094771e+00   1.208174e-04   2.877022e-05
  4.099933e+00   1.680065e-04   2.856993e-05
  4.105095e+00   1.847793e-04   2.860099e-05
  4.110257e+00   1.770811e-04   2.882036e-05
  4.115418e+00   2.068472e-04   2.879033e-05
  4.120580e+00   1.643927e-04   2.871682e-05
  4.125742e+00   1.258658e-04   2.886280e-05
  4.130904e+00   2.149310e-04   2.868544e-05
  4.136065e+00   1.728173e-04   2.887203e-05
  4.141227e+00   1.776102e-04   2.896934e-05
  4.146389e+00   1.565914e-04   2.877522e-05
  4.151551e+00   1.906303e-04   2.882915e-05
  4.156713e+00   1.564614e-04   2.902897e-05
  4.161874e+00   1.502337e-04   2.880101e-05
  4.167036e+00   1.994942e-04   2.898484e-05
  4.172198e+00   2.011531e-04   2.913475e-05
  4.177360e+00   1.737274e-04   2.889938e-05
  4.182521e+00   1.566363e-04   2.897333e-05
  4.187683e+00   1.925179e-04   2.927779e-05
  4.192845e+00   1.856132e-04   2.888414e-05
  4.198007e+00   1.660651e-04   2.911248e-05
  4.203168e+00   1.788969e-04   2.921454e-05
  4.208330e+00   1.570756e-04   2.901286e-05
  4.213492e+00   1.586135e-04   2.914585e-05
  4.218654e+00   2.042422e-04   2.924507e-05
  4.223815e+00   1.829052e-04   2.899819e-05
  4.228977e+00   1.463780e-04   2.911790e-05
  4.234139e+00   1.697012e-04   2.932145e-05
  4.239301e+00   1.993507e-04   2.896631e-05
  4.244462e+00   1.991041e-04   2.917542e-05
  4.249624e+00   1.753863e-04   2.927658e-05
  4.254786e+00   1.874784e-04   2.896848e-05
  4.259948e+00   1.593308e-04   2.924874e-05
  4.265110e+00   1.443110e-04   2.937782e-05
  4.270271e+00   1.657602e-04   2.909225e-05
  4.275433e+00   1.550222e-04   3.002018e-05
  4.280595e+00   1.932577e-04   3.040000e-05
  4.285757e+00   1.560220e-04   3.085340e-05
  4.290918e+00   1.864696e-04   3.088646e-05
  4.296080e+00   1.668138e-04   3.118152e-05
  4.301242e+00   1.888728e-04   3.121483e-05
  4.306404e+00   1.540537e-04   3.121206e-05
  4.311565e+00   1.465349e-04   3.130714e-05
  4.316727e+00   2.155452e-04   3.155623e-05
  4.321889e+00   1.455575e-04   3.166728e-05
  4.327051e+00   1.604651e-04   3.171617e-05
  4.332212e+00   1.782468e-04   3.180279e-05
  4.337374e+00   1.549056e-04   3.192856e-05
  4.342536e+00   1.599182e-04   3.193886e-05
  4.347698e+00   1.519375e-04   3.208150e-05
  4.352859e+00   1.357834e-04   3.216979e-05
  4.358021e+00   1.164460e-04   3.236626e-05
  4.363183e+00   2.206475e-04   3.246918e-05
  4.368345e+00   1.420558e-04   3.248234e-05
  4.373507e+00   2.026640e-04   3.264594e-05
  4.378668e+00   1.849631e-04   3.260202e-05
  4.383830e+00   1.577975e-04   3.267753e-05
  4.388992e+00   1.975887e-04   3.269065e-05
  4.394154e+00   1.799102e-04   3.293641e-05
  4.399315e+00   1.081874e-04   3.274260e-05
  4.404477e+00   1.780406e-04   3.314124e-05
  4.409639e+00   1.544528e-04   3.299162e-05
  4.414801e+00   2.251713e-04   3.323299e-05
  4.419962e+00   2.114697e-04   3.337021e-05
  4.425124e+00   1.828065e-04   3.338667e-05
  4.430286e+00   1.685669e-04   3.340565e-05
  4.435448e+00   8.533931e-05   3.328852e-05
  4.440609e+00   1.495837e-04   3.353939e-05
  4.445771e+00   1.888145e-04   3.372765e-05
  4.450933e+00   2.328023e-04   3.388717e-05
  4.456095e+00   1.978128e-04   3.384747e-05
  4.461257e+00   2.114248e-04   3.396457e-05
  4.466418e+00   2.136756e-04   3.403085e-05
  4.471580e+00   1.455037e-04   3.410658e-05
  4.476742e+00   1.356758e-04   3.400075e-05
  4.481904e+00   2.258752e-04   3.409672e-05
  4.487065e+00   1.191540e-04   3.389692e-05
  4.492227e+00   1.910876e-04   3.411211e-05
  4.497389e+00   1.865144e-04   3.404424e-05
  4.502551e+00   1.344518e-04   3.416459e-05
  4.507712e+00   1.740637e-04   3.410930e-05
  4.512874e+00   1.472119e-04   3.417973e-05
  4.518036e+00   1.920022e-04   3.433406e-05
  4.523198e+00   1.459745e-04   3.409149e-05
  4.528359e+00   1.183470e-04   3.417356e-05
  4.533521e+00   1.678898e-04   3.410438e-05
  4.538683e+00   6.688963e-05   3.417845e-05
  4.543845e+00   1.670111e-04   3.420237e-05
  4.549006e+00   1.138635e-04   3.424840e-05
  4.554168e+00   1.990145e-04   3.407721e-05
  4.559330e+00   1.956922e-04   3.415544e-05
  4.564492e+00   1.616174e-04   3.422387e-05
  4.569654e+00   2.443473e-04   3.435288e-05
  4.574815e+00   1.675761e-04   3.413927e-05
  4.579977e+00   8.248328e-05   3.423184e-05
  4.585139e+00   1.535337e-04   3.411699e-05
  4.590301e+00   1.151817e-04   3.425550e-05
  4.595462e+00   1.502831e-04   3.415934e-05
  4.600624e+00   1.632001e-04   3.444014e-05
  4.605786e+00   1.561655e-04   3.438220e-05
  4.610948e+00   1.348284e-04   3.449259e-05
  4.616109e+00   1.653029e-04   3.476150e-05
  4.621271e+00   1.373302e-04   3.455857e-05
  4.626433e+00   1.489022e-04   3.464351e-05
  4.631595e+00   2.115279e-04   3.490241e-05
  4.636756e+00   1.620972e-04   3.494215e-05
  4.641918e+00   1.851738e-04   3.513173e-05
  4.647080e+00   9.991523e-05   3.508811e-05
  4.652242e+00   1.372316e-04   3.519114e-05
  4.657403e+00   1.117248e-04   3.528365e-05
  4.662565e+00   1.950375e-04   3.566564e-05
  4.667727e+00   1.464855e-04   3.566542e-05
  4.672889e+00   1.494088e-04   3.550777e-05
  4.678051e+00   1.043809e-04   3.567498e-05
  4.683212e+00   1.217545e-04   3.577937e-05
  4.688374e+00   1.564704e-04   3.607918e-05
  4.693536e+00   1.250050e-04   3.606760e-05
  4.698698e+00   1.072907e-04   3.612916e-05
  4.703859e+00   1.869583e-04   3.626886e-05
  4.709021e+00   1.736602e-04   3.659455e-05
  4.714183e+00   1.083308e-04   3.656167e-05
  4.719345e+00   1.360390e-04   3.665562e-05
  4.724506e+00   1.042866e-04   3.685277e-05
  4.729668e+00   1.702079e-04   3.686067e-05
  4.734830e+00   1.630835e-04   3.706273e-05
  4.739992e+00   8.477440e-05   3.703919e-05
  4.745153e+00   1.490815e-04   3.720563e-05
  4.750315e+00   1.572325e-04   3.756223e-05
  4.755477e+00   1.914463e-04   3.746226e-05
  4.760639e+00   9.627911e-05   3.770344e-05
  4.765800e+00   1.347522e-04   3.797098e-05
  4.770962e+00   1.439747e-04   3.777299e-05
  4.776124e+00   1.338420e-04   3.800192e-05
  4.781286e+00   1.757271e-04   3.804048e-05
  4.786448e+00   1.397513e-04   3.816478e-05
  4.791609e+00   1.187325e-04   3.832310e-05
  4.796771e+00   1.451674e-04   3.857401e-05
  4.801933e+00   1.444096e-04   3.858949e-05
  4.807095e+00   1.383076e-04   3.875945e-05
  4.812256e+00   1.392984e-04   3.879543e-05
  4.817418e+00   1.083846e-04   3.911335e-05
  4.822580e+00   1.822999e-04   3.897590e-05
  4.827742e+00   1.291568e-04   3.914304e-05
  4.832903e+00   1.520406e-04   3.927166e-05
  4.838065e+00   2.039418e-04   3.928257e-05
  4.843227e+00   1.395720e-04   3.958539e-05
  4.848388e+00   1.727321e-04   3.970434e-05
  4.853550e+00   1.546859e-04   3.987219e-05
  4.858712e+00   1.449612e-04   3.994131e-05
  4.863873e+00   1.611691e-04   4.017427e-05
  4.869035e+00   1.628549e-04   4.024304e-05
  4.874197e+00   2.199704e-04   4.020071e-05
  4.879359e+00   2.278748e-04   4.035826e-05
  4.884521e+00   1.635229e-04   4.045270e-05
  4.889682e+00   1.576853e-04   4.051474e-05
  4.894844e+00   1.753639e-04   4.044807e-05
  4.900006e+00   1.412757e-04   4.065461e-05
  4.905168e+00   1.084025e-04   4.072753e-05
  4.910329e+00   9.710855e-05   4.088506e-05
  4.915491e+00   1.067078e-04   4.153881e-05
  4.920653e+00   8.775595e-05   4.117289e-05
  4.925815e+00   2.354072e-04   4.170777e-05
  4.930976e+00   1.564972e-04   4.177099e-05
  4.936138e+00   1.494357e-04   4.176991e-05
  4.941300e+00   5.642958e-05   4.219192e-05
  4.946462e+00   1.526235e-04   4.252916e-05
  4.951623e+00   1.854787e-04   4.271482e-05
  4.956785e+00   1.650518e-04   4.290383e-05
  4.961947e+00   1.914283e-04   4.305812e-05
  4.967109e+00   1.180735e-04   4.364931e-05
  4.972270e+00   1.398500e-04   4.342274e-05
  4.977432e+00   1.733867e-04   4.371011e-05
  4.982594e+00   2.080532e-04   4.385347e-05
  4.987756e+00   1.500813e-04   4.414305e-05
  4.992918e+00   2.303542e-04   4.429507e-05
  4.998079e+00   1.126709e-04   4.439476e-05
  5.003241e+00   1.970731e-04   4.491160e-05
  5.008403e+00   1.106309e-04   4.498019e-05
  5.013565e+00   1.582548e-04   4.530202e-05
  5.018726e+00   1.861243e-04   4.578987e-05
  5.023888e+00   1.749783e-04   4.566379e-05
  5.029050e+00   1.547308e-04   4.571482e-05
  5.034212e+00   1.032151e-04   4.583314e-05
  5.039373e+00   1.676836e-04   4.625401e-05
  5.044535e+00   2.105864e-04   4.644501e-05
  5.049697e+00   1.116127e-04   4.606731e-05
  5.054859e+00   1.241845e-04   4.666617e-05
  5.060020e+00   1.871152e-04   4.721971e-05
  5.065182e+00   1.003591e-04   4.780243e-05
  5.070344e+00   1.567708e-04   4.844743e-05
  5.075506e+00   1.325329e-05   4.858069e-05
  5.080667e+00   1.518972e-04   4.921838e-05
  5.085829e+00   1.855773e-04   4.975900e-05
  5.090991e+00   1.077390e-04   5.016865e-05
  5.096153e+00   1.201494e-04   5.061253e-05
  5.101315e+00   1.155448e-04   5.099847e-05
  5.106476e+00   2.154287e-04   5.183182e-05
  5.111638e+00   2.776285e-04   5.247112e-05
  5.116800e+00   1.670828e-04   5.361949e-05
  5.121962e+00   1.123121e-04   5.367432e-05
  5.127123e+00   2.231896e-04   5.422180e-05
  5.132285e+00   9.292542e-05   5.487819e-05
  5.137447e+00   1.266011e-04   5.535528e-05
  5.142609e+00   1.213464e-04   5.672244e-05
  5.147770e+00   1.535292e-04   5.818577e-05
  5.152932e+00   7.509895e-05   5.881907e-05
  5.158094e+00   5.524144e-05   6.018111e-05
  5.163256e+00   1.703245e-04   6.098224e-05
  5.168417e+00   2.517138e-04   6.391979e-05
  5.173579e+00   7.052128e-05   6.691868e-05
  5.178741e+00   9.141895e-05   6.746894e-05
  5.183903e+00   1.522200e-04   6.882369e-05
  5.189065e+00   1.195127e-04   6.910503e-05
  5.194226e+00   2.474409e-04   7.382595e-05
  5.199388e+00   2.436210e-04   7.733811e-05
  5.204550e+00   1.859943e-04   8.220271e-05
  5.209712e+00   1.545559e-04   1.176409e-04
range-from: 1
range-to: 1000
Buffer: NaP
Code: TipAS_NaP
Concentration: 1.79
Measurement Temperature (degrees C): 40.0
Storage Temperature (degrees C): 40.0
datop-operation: /media/alessandra/TOSHIBA_EXT/Post-Doc/DAbramo/TipAS/20230120_BM29/TipAStrend_40deg_sc/sub_001.dat DIV 1.79
range-from: 1
range-to: 1000
parent: TipAS_NaP_40deg_1-2_ave_sub.dat
creator: datop
creator-version: v0.4 (r12314)
datop-operation: TipAS_NaP_40deg_1-2_ave_sub.dat MUL 0.00080255
