Sample description: Sample c= 1.79 mg/ml
Sample: Sample c= 1.79   c= 1.79 mg/ml  Code: TipAS_NaP
Parent(s): TipAS_NaP_10deg_1-2_ave_sub.dat
  5.311318e-02   2.750854e-02   1.239705e-03
  5.827494e-02   3.146722e-02   8.264291e-04
  6.343670e-02   2.919762e-02   6.352031e-04
  6.859846e-02   3.006962e-02   5.171516e-04
  7.376022e-02   2.987046e-02   4.504996e-04
  7.892198e-02   2.966812e-02   3.968352e-04
  8.408374e-02   2.962795e-02   3.508151e-04
  8.924550e-02   2.940274e-02   3.066844e-04
  9.440726e-02   2.876263e-02   2.795786e-04
  9.956902e-02   2.844376e-02   2.586186e-04
  1.047308e-01   2.845735e-02   2.346362e-04
  1.098925e-01   2.813704e-02   2.154454e-04
  1.150543e-01   2.801599e-02   2.017349e-04
  1.202161e-01   2.796257e-02   1.886561e-04
  1.253778e-01   2.790766e-02   1.805228e-04
  1.305396e-01   2.738606e-02   1.698693e-04
  1.357013e-01   2.752659e-02   1.600994e-04
  1.408631e-01   2.726616e-02   1.549215e-04
  1.460249e-01   2.716530e-02   1.450318e-04
  1.511866e-01   2.706691e-02   1.420085e-04
  1.563484e-01   2.664605e-02   1.359067e-04
  1.615101e-01   2.670989e-02   1.301406e-04
  1.666719e-01   2.613939e-02   1.272632e-04
  1.718337e-01   2.612316e-02   1.233992e-04
  1.769954e-01   2.605026e-02   1.181508e-04
  1.821572e-01   2.591696e-02   1.159193e-04
  1.873190e-01   2.562517e-02   1.128603e-04
  1.924807e-01   2.559451e-02   1.098764e-04
  1.976425e-01   2.557419e-02   1.079173e-04
  2.028042e-01   2.527336e-02   1.056618e-04
  2.079660e-01   2.486230e-02   1.021075e-04
  2.131277e-01   2.475453e-02   1.012342e-04
  2.182895e-01   2.475815e-02   9.979043e-05
  2.234513e-01   2.452193e-02   9.717123e-05
  2.286130e-01   2.440239e-02   9.614910e-05
  2.337748e-01   2.416310e-02   9.455395e-05
  2.389365e-01   2.383756e-02   9.157738e-05
  2.440983e-01   2.378350e-02   9.097185e-05
  2.492601e-01   2.360824e-02   9.015550e-05
  2.544218e-01   2.342834e-02   8.785659e-05
  2.595836e-01   2.336563e-02   8.719064e-05
  2.647454e-01   2.297990e-02   8.564180e-05
  2.699071e-01   2.264282e-02   8.345003e-05
  2.750689e-01   2.268430e-02   8.377731e-05
  2.802306e-01   2.240497e-02   8.203490e-05
  2.853924e-01   2.212225e-02   8.029986e-05
  2.905541e-01   2.209450e-02   8.086887e-05
  2.957159e-01   2.186434e-02   8.181211e-05
  3.008777e-01   2.159893e-02   8.162616e-05
  3.060394e-01   2.148898e-02   8.217911e-05
  3.112012e-01   2.126363e-02   8.095571e-05
  3.163629e-01   2.097684e-02   8.024271e-05
  3.215247e-01   2.075024e-02   8.061928e-05
  3.266865e-01   2.072587e-02   7.988600e-05
  3.318482e-01   2.047613e-02   7.924361e-05
  3.370100e-01   2.029698e-02   7.864326e-05
  3.421718e-01   1.999715e-02   7.864322e-05
  3.473335e-01   1.986317e-02   7.844101e-05
  3.524953e-01   1.959399e-02   7.798316e-05
  3.576570e-01   1.950831e-02   7.537016e-05
  3.628188e-01   1.941052e-02   7.260477e-05
  3.679805e-01   1.911967e-02   7.260692e-05
  3.731423e-01   1.910616e-02   7.139341e-05
  3.783041e-01   1.888759e-02   6.962816e-05
  3.834658e-01   1.866822e-02   6.927347e-05
  3.886276e-01   1.844908e-02   6.839770e-05
  3.937894e-01   1.823501e-02   6.724405e-05
  3.989511e-01   1.808682e-02   6.717115e-05
  4.041129e-01   1.787524e-02   6.645271e-05
  4.092746e-01   1.763504e-02   6.455990e-05
  4.144364e-01   1.760668e-02   6.450753e-05
  4.195982e-01   1.736177e-02   6.421924e-05
  4.247599e-01   1.715120e-02   6.283895e-05
  4.299217e-01   1.702481e-02   6.286312e-05
  4.350834e-01   1.681244e-02   6.189965e-05
  4.402452e-01   1.664364e-02   6.085607e-05
  4.454069e-01   1.649152e-02   6.077572e-05
  4.505687e-01   1.630460e-02   6.060490e-05
  4.557305e-01   1.610860e-02   5.900088e-05
  4.608922e-01   1.592855e-02   5.922810e-05
  4.660540e-01   1.577698e-02   5.870003e-05
  4.712158e-01   1.565350e-02   5.933777e-05
  4.763775e-01   1.547969e-02   5.989045e-05
  4.815393e-01   1.533897e-02   5.979670e-05
  4.867010e-01   1.517739e-02   5.933382e-05
  4.918628e-01   1.500812e-02   5.977585e-05
  4.970246e-01   1.481903e-02   5.936933e-05
  5.021863e-01   1.463240e-02   5.917336e-05
  5.073481e-01   1.444132e-02   5.902880e-05
  5.125098e-01   1.438105e-02   5.902814e-05
  5.176716e-01   1.418289e-02   5.876325e-05
  5.228333e-01   1.402518e-02   5.861893e-05
  5.279951e-01   1.398559e-02   5.871685e-05
  5.331569e-01   1.375516e-02   5.736049e-05
  5.383186e-01   1.352200e-02   5.680480e-05
  5.434804e-01   1.341015e-02   5.600817e-05
  5.486422e-01   1.330056e-02   5.470356e-05
  5.538039e-01   1.317099e-02   5.435779e-05
  5.589657e-01   1.309626e-02   5.397938e-05
  5.641274e-01   1.292754e-02   5.284223e-05
  5.692892e-01   1.279785e-02   5.309393e-05
  5.744510e-01   1.247923e-02   5.283774e-05
  5.796127e-01   1.236016e-02   5.159527e-05
  5.847745e-01   1.231161e-02   5.143309e-05
  5.899363e-01   1.221768e-02   5.136230e-05
  5.950980e-01   1.207422e-02   5.048313e-05
  6.002598e-01   1.183216e-02   5.029550e-05
  6.054215e-01   1.183886e-02   5.012637e-05
  6.105833e-01   1.166990e-02   4.936534e-05
  6.157451e-01   1.148861e-02   4.937929e-05
  6.209068e-01   1.142763e-02   4.908871e-05
  6.260686e-01   1.130090e-02   4.811081e-05
  6.312303e-01   1.117220e-02   4.828719e-05
  6.363921e-01   1.106022e-02   4.829885e-05
  6.415538e-01   1.090573e-02   4.713600e-05
  6.467156e-01   1.073805e-02   4.728100e-05
  6.518773e-01   1.064321e-02   4.715550e-05
  6.570391e-01   1.056541e-02   4.639914e-05
  6.622009e-01   1.039606e-02   4.717124e-05
  6.673626e-01   1.026751e-02   4.764533e-05
  6.725244e-01   1.020302e-02   4.706928e-05
  6.776862e-01   1.009467e-02   4.732911e-05
  6.828479e-01   9.900297e-03   4.786673e-05
  6.880097e-01   9.858275e-03   4.658000e-05
  6.931714e-01   9.713399e-03   4.607521e-05
  6.983332e-01   9.614405e-03   4.579494e-05
  7.034950e-01   9.513741e-03   4.470659e-05
  7.086567e-01   9.350630e-03   4.516182e-05
  7.138185e-01   9.277863e-03   4.464563e-05
  7.189803e-01   9.234927e-03   4.381744e-05
  7.241420e-01   9.170185e-03   4.395291e-05
  7.293038e-01   8.994988e-03   4.370245e-05
  7.344655e-01   8.912679e-03   4.279449e-05
  7.396273e-01   8.736928e-03   4.278182e-05
  7.447891e-01   8.692933e-03   4.261985e-05
  7.499508e-01   8.570937e-03   4.205369e-05
  7.551126e-01   8.482953e-03   4.223751e-05
  7.602744e-01   8.367362e-03   4.205023e-05
  7.654361e-01   8.245623e-03   4.132367e-05
  7.705979e-01   8.187976e-03   4.164263e-05
  7.757596e-01   8.089503e-03   4.144801e-05
  7.809214e-01   7.985646e-03   4.103299e-05
  7.860831e-01   7.848868e-03   4.092196e-05
  7.912449e-01   7.722651e-03   4.071317e-05
  7.964066e-01   7.673409e-03   4.020020e-05
  8.015684e-01   7.598512e-03   4.040272e-05
  8.067302e-01   7.522866e-03   4.013998e-05
  8.118919e-01   7.398879e-03   3.958722e-05
  8.170537e-01   7.351120e-03   3.962165e-05
  8.222154e-01   7.289898e-03   3.922206e-05
  8.273772e-01   7.133934e-03   3.898432e-05
  8.325390e-01   7.023093e-03   3.885869e-05
  8.377007e-01   6.966063e-03   3.883980e-05
  8.428625e-01   6.930799e-03   3.837915e-05
  8.480242e-01   6.865501e-03   3.822250e-05
  8.531860e-01   6.762184e-03   3.828126e-05
  8.583478e-01   6.720607e-03   3.786566e-05
  8.635095e-01   6.620249e-03   3.783818e-05
  8.686713e-01   6.551354e-03   3.774023e-05
  8.738331e-01   6.396897e-03   3.731130e-05
  8.789948e-01   6.311980e-03   3.742450e-05
  8.841566e-01   6.376525e-03   3.737047e-05
  8.893183e-01   6.275367e-03   3.703456e-05
  8.944801e-01   6.148547e-03   3.686896e-05
  8.996419e-01   6.070134e-03   3.680058e-05
  9.048036e-01   6.030657e-03   3.636956e-05
  9.099654e-01   5.962431e-03   3.649160e-05
  9.151272e-01   5.934960e-03   3.628609e-05
  9.202889e-01   5.841084e-03   3.585517e-05
  9.254507e-01   5.737650e-03   3.612134e-05
  9.306124e-01   5.600700e-03   3.578826e-05
  9.357742e-01   5.648441e-03   3.555024e-05
  9.409359e-01   5.498902e-03   3.542904e-05
  9.460977e-01   5.429538e-03   3.540376e-05
  9.512594e-01   5.418414e-03   3.513545e-05
  9.564212e-01   5.352968e-03   3.509627e-05
  9.615830e-01   5.312863e-03   3.503508e-05
  9.667447e-01   5.219064e-03   3.453274e-05
  9.719065e-01   5.127891e-03   3.456217e-05
  9.770682e-01   5.059369e-03   3.453347e-05
  9.822300e-01   5.015099e-03   3.450028e-05
  9.873918e-01   5.025362e-03   3.502811e-05
  9.925535e-01   4.900227e-03   3.499023e-05
  9.977153e-01   4.869353e-03   3.505557e-05
  1.002877e+00   4.795470e-03   3.521982e-05
  1.008039e+00   4.738982e-03   3.536302e-05
  1.013201e+00   4.734023e-03   3.535756e-05
  1.018362e+00   4.644209e-03   3.548311e-05
  1.023524e+00   4.591985e-03   3.574729e-05
  1.028686e+00   4.533314e-03   3.530184e-05
  1.033848e+00   4.392590e-03   3.539851e-05
  1.039009e+00   4.421526e-03   3.539099e-05
  1.044171e+00   4.394074e-03   3.512933e-05
  1.049333e+00   4.355986e-03   3.511719e-05
  1.054495e+00   4.259756e-03   3.530300e-05
  1.059656e+00   4.199511e-03   3.503750e-05
  1.064818e+00   4.203039e-03   3.509021e-05
  1.069980e+00   4.060405e-03   3.528278e-05
  1.075142e+00   4.065642e-03   3.481759e-05
  1.080303e+00   4.105626e-03   3.506500e-05
  1.085465e+00   3.968408e-03   3.515630e-05
  1.090627e+00   3.942556e-03   3.470221e-05
  1.095789e+00   3.841614e-03   3.486609e-05
  1.100950e+00   3.815664e-03   3.505789e-05
  1.106112e+00   3.807356e-03   3.453861e-05
  1.111274e+00   3.752051e-03   3.519749e-05
  1.116436e+00   3.788668e-03   3.557354e-05
  1.121598e+00   3.573979e-03   3.572705e-05
  1.126759e+00   3.709458e-03   3.601794e-05
  1.131921e+00   3.554167e-03   3.624191e-05
  1.137083e+00   3.441074e-03   3.605799e-05
  1.142245e+00   3.420692e-03   3.600726e-05
  1.147406e+00   3.439093e-03   3.629289e-05
  1.152568e+00   3.447096e-03   3.627452e-05
  1.157730e+00   3.374934e-03   3.631910e-05
  1.162892e+00   3.280084e-03   3.616502e-05
  1.168053e+00   3.302076e-03   3.608534e-05
  1.173215e+00   3.238563e-03   3.617904e-05
  1.178377e+00   3.174018e-03   3.552692e-05
  1.183539e+00   3.164732e-03   3.500189e-05
  1.188700e+00   3.098498e-03   3.541688e-05
  1.193862e+00   3.056967e-03   3.540294e-05
  1.199024e+00   3.073453e-03   3.503350e-05
  1.204186e+00   3.053273e-03   3.557856e-05
  1.209347e+00   2.931814e-03   3.533052e-05
  1.214509e+00   2.914077e-03   3.512167e-05
  1.219671e+00   2.942077e-03   3.533980e-05
  1.224833e+00   2.850976e-03   3.518630e-05
  1.229995e+00   2.827075e-03   3.488661e-05
  1.235156e+00   2.832598e-03   3.546289e-05
  1.240318e+00   2.762242e-03   3.514841e-05
  1.245480e+00   2.729253e-03   3.496981e-05
  1.250642e+00   2.645003e-03   3.514482e-05
  1.255803e+00   2.639040e-03   3.499446e-05
  1.260965e+00   2.637462e-03   3.491552e-05
  1.266127e+00   2.607642e-03   3.519601e-05
  1.271289e+00   2.623146e-03   3.488071e-05
  1.276450e+00   2.549302e-03   3.472051e-05
  1.281612e+00   2.523791e-03   3.488354e-05
  1.286774e+00   2.465089e-03   3.471249e-05
  1.291936e+00   2.410640e-03   3.539266e-05
  1.297097e+00   2.423150e-03   3.565844e-05
  1.302259e+00   2.464376e-03   3.556523e-05
  1.307421e+00   2.348490e-03   3.594422e-05
  1.312583e+00   2.333479e-03   3.616695e-05
  1.317744e+00   2.298189e-03   3.610052e-05
  1.322906e+00   2.274777e-03   3.629077e-05
  1.328068e+00   2.270517e-03   3.680427e-05
  1.333230e+00   2.252467e-03   3.650111e-05
  1.338391e+00   2.217320e-03   3.701878e-05
  1.343553e+00   2.167871e-03   3.693480e-05
  1.348715e+00   2.199404e-03   3.683571e-05
  1.353877e+00   2.124399e-03   3.695039e-05
  1.359038e+00   2.123946e-03   3.642876e-05
  1.364200e+00   2.078847e-03   3.609042e-05
  1.369362e+00   2.045615e-03   3.562491e-05
  1.374524e+00   2.000183e-03   3.580891e-05
  1.379686e+00   1.920596e-03   3.569850e-05
  1.384847e+00   1.964405e-03   3.542057e-05
  1.390009e+00   1.928828e-03   3.555945e-05
  1.395171e+00   1.968350e-03   3.508582e-05
  1.400333e+00   1.905267e-03   3.518672e-05
  1.405494e+00   1.987315e-03   3.516462e-05
  1.410656e+00   1.892220e-03   3.501059e-05
  1.415818e+00   1.833974e-03   3.471849e-05
  1.420980e+00   1.810530e-03   3.512692e-05
  1.426141e+00   1.810100e-03   3.484675e-05
  1.431303e+00   1.741856e-03   3.466522e-05
  1.436465e+00   1.734468e-03   3.476336e-05
  1.441627e+00   1.703477e-03   3.455058e-05
  1.446788e+00   1.674048e-03   3.446980e-05
  1.451950e+00   1.690753e-03   3.465498e-05
  1.457112e+00   1.676823e-03   3.427022e-05
  1.462274e+00   1.590779e-03   3.415186e-05
  1.467435e+00   1.647967e-03   3.429067e-05
  1.472597e+00   1.599070e-03   3.438939e-05
  1.477759e+00   1.559781e-03   3.400233e-05
  1.482921e+00   1.572980e-03   3.414246e-05
  1.488083e+00   1.576711e-03   3.397553e-05
  1.493244e+00   1.527692e-03   3.391586e-05
  1.498406e+00   1.556871e-03   3.407850e-05
  1.503568e+00   1.490448e-03   3.381285e-05
  1.508730e+00   1.487026e-03   3.373118e-05
  1.513891e+00   1.408699e-03   3.390623e-05
  1.519053e+00   1.490658e-03   3.390041e-05
  1.524215e+00   1.427176e-03   3.377614e-05
  1.529377e+00   1.447267e-03   3.378100e-05
  1.534538e+00   1.377633e-03   3.374096e-05
  1.539700e+00   1.365922e-03   3.351818e-05
  1.544862e+00   1.328646e-03   3.377848e-05
  1.550024e+00   1.388559e-03   3.352271e-05
  1.555185e+00   1.349333e-03   3.339936e-05
  1.560347e+00   1.293832e-03   3.364871e-05
  1.565509e+00   1.311649e-03   3.353581e-05
  1.570671e+00   1.224983e-03   3.310684e-05
  1.575832e+00   1.276552e-03   3.342666e-05
  1.580994e+00   1.228919e-03   3.337802e-05
  1.586156e+00   1.189720e-03   3.316518e-05
  1.591318e+00   1.281570e-03   3.327967e-05
  1.596480e+00   1.215142e-03   3.321109e-05
  1.601641e+00   1.205470e-03   3.299764e-05
  1.606803e+00   1.214688e-03   3.322547e-05
  1.611965e+00   1.164585e-03   3.300746e-05
  1.617127e+00   1.204184e-03   3.293604e-05
  1.622288e+00   1.141257e-03   3.301001e-05
  1.627450e+00   1.144024e-03   3.301361e-05
  1.632612e+00   1.037639e-03   3.269166e-05
  1.637774e+00   1.071167e-03   3.305274e-05
  1.642935e+00   1.088280e-03   3.275472e-05
  1.648097e+00   1.014033e-03   3.272941e-05
  1.653259e+00   1.091495e-03   3.283603e-05
  1.658421e+00   1.062105e-03   3.278690e-05
  1.663582e+00   1.091007e-03   3.260402e-05
  1.668744e+00   1.047740e-03   3.276534e-05
  1.673906e+00   9.737082e-04   3.263284e-05
  1.679068e+00   9.968698e-04   3.239623e-05
  1.684229e+00   1.019552e-03   3.262764e-05
  1.689391e+00   1.022960e-03   3.254022e-05
  1.694553e+00   9.217399e-04   3.240199e-05
  1.699715e+00   9.378270e-04   3.280362e-05
  1.704876e+00   9.358006e-04   3.222161e-05
  1.710038e+00   9.780934e-04   3.226757e-05
  1.715200e+00   9.135218e-04   3.234463e-05
  1.720362e+00   9.050525e-04   3.223107e-05
  1.725523e+00   9.415749e-04   3.210752e-05
  1.730685e+00   9.120692e-04   3.222752e-05
  1.735847e+00   8.788412e-04   3.211363e-05
  1.741009e+00   7.984745e-04   3.196036e-05
  1.746171e+00   8.773123e-04   3.243171e-05
  1.751332e+00   8.482953e-04   3.201535e-05
  1.756494e+00   8.802312e-04   3.178734e-05
  1.761656e+00   8.264427e-04   3.200320e-05
  1.766818e+00   8.724393e-04   3.178869e-05
  1.771979e+00   8.208698e-04   3.171230e-05
  1.777141e+00   8.048140e-04   3.186325e-05
  1.782303e+00   7.923276e-04   3.173097e-05
  1.787465e+00   7.875885e-04   3.148491e-05
  1.792626e+00   7.436321e-04   3.182045e-05
  1.797788e+00   7.280429e-04   3.144971e-05
  1.802950e+00   7.623418e-04   3.123021e-05
  1.808112e+00   7.402470e-04   3.156465e-05
  1.813273e+00   7.699503e-04   3.136762e-05
  1.818435e+00   7.254783e-04   3.123253e-05
  1.823597e+00   6.750253e-04   3.145897e-05
  1.828759e+00   6.803203e-04   3.128193e-05
  1.833920e+00   7.327550e-04   3.127414e-05
  1.839082e+00   6.208284e-04   3.134557e-05
  1.844244e+00   6.803965e-04   3.122773e-05
  1.849406e+00   6.906952e-04   3.099235e-05
  1.854568e+00   6.774822e-04   3.134117e-05
  1.859729e+00   6.747742e-04   3.122793e-05
  1.864891e+00   6.830194e-04   3.095723e-05
  1.870053e+00   6.445553e-04   3.129924e-05
  1.875215e+00   6.576606e-04   3.109253e-05
  1.880376e+00   6.976581e-04   3.102332e-05
  1.885538e+00   6.231509e-04   3.122071e-05
  1.890700e+00   6.647939e-04   3.100631e-05
  1.895862e+00   6.181698e-04   3.083425e-05
  1.901023e+00   6.255003e-04   3.108084e-05
  1.906185e+00   5.864802e-04   3.099995e-05
  1.911347e+00   6.145157e-04   3.075507e-05
  1.916509e+00   6.088127e-04   3.104226e-05
  1.921670e+00   5.486169e-04   3.079255e-05
  1.926832e+00   6.396279e-04   3.093975e-05
  1.931994e+00   5.426897e-04   3.092736e-05
  1.937156e+00   5.242669e-04   3.066813e-05
  1.942317e+00   5.565707e-04   3.064978e-05
  1.947479e+00   5.831938e-04   3.081912e-05
  1.952641e+00   5.382958e-04   3.069367e-05
  1.957803e+00   5.259483e-04   3.058300e-05
  1.962964e+00   5.330905e-04   3.076715e-05
  1.968126e+00   5.303331e-04   3.066847e-05
  1.973288e+00   5.147977e-04   3.058638e-05
  1.978450e+00   5.305887e-04   3.076086e-05
  1.983611e+00   5.114710e-04   3.060033e-05
  1.988773e+00   4.888023e-04   3.045645e-05
  1.993935e+00   5.694070e-04   3.061743e-05
  1.999097e+00   4.926491e-04   3.043859e-05
  2.004259e+00   5.132465e-04   3.047095e-05
  2.009420e+00   5.036696e-04   3.064004e-05
  2.014582e+00   5.183845e-04   3.052253e-05
  2.019744e+00   5.693352e-04   3.039308e-05
  2.024906e+00   4.674473e-04   3.048370e-05
  2.030067e+00   4.676131e-04   3.037970e-05
  2.035229e+00   5.097134e-04   3.018611e-05
  2.040391e+00   4.850810e-04   3.043691e-05
  2.045553e+00   4.932051e-04   3.029040e-05
  2.050714e+00   4.369638e-04   3.020592e-05
  2.055876e+00   4.766519e-04   3.041900e-05
  2.061038e+00   4.441913e-04   3.021789e-05
  2.066200e+00   4.550235e-04   3.031474e-05
  2.071362e+00   4.032254e-04   3.029372e-05
  2.076523e+00   4.241948e-04   3.010688e-05
  2.081685e+00   5.072520e-04   3.005033e-05
  2.086847e+00   4.028980e-04   3.025499e-05
  2.092008e+00   4.352287e-04   3.013730e-05
  2.097170e+00   4.583592e-04   3.004387e-05
  2.102332e+00   3.844752e-04   3.019413e-05
  2.107494e+00   4.703795e-04   3.018578e-05
  2.112655e+00   4.010240e-04   3.080233e-05
  2.117817e+00   4.503606e-04   3.114716e-05
  2.122979e+00   4.271225e-04   3.116571e-05
  2.128141e+00   4.082513e-04   3.143605e-05
  2.133302e+00   4.707606e-04   3.171075e-05
  2.138464e+00   4.168194e-04   3.170451e-05
  2.143626e+00   4.173574e-04   3.212637e-05
  2.148788e+00   3.814444e-04   3.222664e-05
  2.153949e+00   4.428955e-04   3.218353e-05
  2.159111e+00   3.770146e-04   3.238170e-05
  2.164273e+00   3.919583e-04   3.258546e-05
  2.169435e+00   3.900214e-04   3.249626e-05
  2.174597e+00   4.079464e-04   3.235044e-05
  2.179758e+00   4.470966e-04   3.198948e-05
  2.184920e+00   4.125780e-04   3.158735e-05
  2.190082e+00   3.863673e-04   3.133210e-05
  2.195244e+00   3.373893e-04   3.152512e-05
  2.200405e+00   3.505709e-04   3.129988e-05
  2.205567e+00   4.102958e-04   3.099764e-05
  2.210729e+00   3.605108e-04   3.106890e-05
  2.215891e+00   3.882638e-04   3.088413e-05
  2.221052e+00   3.591792e-04   3.067202e-05
  2.226214e+00   3.720604e-04   3.085423e-05
  2.231376e+00   2.991629e-04   3.059479e-05
  2.236538e+00   3.950609e-04   3.068548e-05
  2.241699e+00   3.577445e-04   3.074693e-05
  2.246861e+00   3.391559e-04   3.055200e-05
  2.252023e+00   3.263285e-04   3.031422e-05
  2.257185e+00   3.326010e-04   3.055639e-05
  2.262347e+00   3.609323e-04   3.025691e-05
  2.267508e+00   3.326144e-04   3.026544e-05
  2.272670e+00   3.859548e-04   3.044835e-05
  2.277832e+00   3.290679e-04   3.027291e-05
  2.282994e+00   3.141602e-04   3.030297e-05
  2.288155e+00   3.413528e-04   3.054013e-05
  2.293317e+00   3.657207e-04   3.018296e-05
  2.298479e+00   3.455224e-04   3.021472e-05
  2.303641e+00   3.673348e-04   3.029065e-05
  2.308802e+00   3.706615e-04   3.009290e-05
  2.313964e+00   3.142543e-04   3.002830e-05
  2.319126e+00   3.716973e-04   3.023843e-05
  2.324288e+00   3.423033e-04   2.993453e-05
  2.329449e+00   3.220288e-04   3.012484e-05
  2.334611e+00   3.364253e-04   3.019660e-05
  2.339773e+00   3.565519e-04   2.996340e-05
  2.344935e+00   3.424692e-04   2.997606e-05
  2.350096e+00   2.977774e-04   3.001711e-05
  2.355258e+00   3.286016e-04   2.973359e-05
  2.360420e+00   2.842148e-04   2.989641e-05
  2.365582e+00   3.399763e-04   2.993948e-05
  2.370744e+00   3.343495e-04   2.985485e-05
  2.375905e+00   3.063275e-04   2.975851e-05
  2.381067e+00   3.214728e-04   3.000937e-05
  2.386229e+00   3.185900e-04   2.961946e-05
  2.391391e+00   2.424911e-04   2.973133e-05
  2.396552e+00   2.902900e-04   2.983467e-05
  2.401714e+00   3.171507e-04   2.962247e-05
  2.406876e+00   3.227955e-04   2.961871e-05
  2.412038e+00   2.798658e-04   2.972868e-05
  2.417199e+00   2.774402e-04   2.949602e-05
  2.422361e+00   2.904917e-04   2.970140e-05
  2.427523e+00   2.307264e-04   2.967837e-05
  2.432685e+00   3.138105e-04   2.953512e-05
  2.437846e+00   3.374790e-04   2.934718e-05
  2.443008e+00   2.772384e-04   2.947753e-05
  2.448170e+00   3.301305e-04   2.922003e-05
  2.453332e+00   2.589143e-04   2.936726e-05
  2.458493e+00   2.731943e-04   2.931767e-05
  2.463655e+00   2.928500e-04   2.913176e-05
  2.468817e+00   2.868690e-04   2.917516e-05
  2.473979e+00   2.704415e-04   2.925094e-05
  2.479141e+00   3.287002e-04   2.898420e-05
  2.484302e+00   3.021668e-04   2.913532e-05
  2.489464e+00   3.132859e-04   2.907936e-05
  2.494626e+00   2.423970e-04   2.894884e-05
  2.499788e+00   2.739520e-04   2.907698e-05
  2.504949e+00   2.453875e-04   2.908042e-05
  2.510111e+00   2.683207e-04   2.891977e-05
  2.515273e+00   3.004676e-04   2.902518e-05
  2.520435e+00   2.673478e-04   2.914177e-05
  2.525596e+00   2.188316e-04   2.888956e-05
  2.530758e+00   3.064037e-04   2.890542e-05
  2.535920e+00   2.794443e-04   2.902508e-05
  2.541082e+00   2.583987e-04   2.884159e-05
  2.546243e+00   3.340222e-04   2.897175e-05
  2.551405e+00   3.218047e-04   2.888314e-05
  2.556567e+00   2.586005e-04   2.886647e-05
  2.561729e+00   2.859230e-04   2.890750e-05
  2.566890e+00   3.086231e-04   2.895278e-05
  2.572052e+00   2.733513e-04   2.905508e-05
  2.577214e+00   2.909804e-04   2.957268e-05
  2.582376e+00   2.811435e-04   2.993376e-05
  2.587538e+00   1.898188e-04   3.007894e-05
  2.592699e+00   2.193562e-04   3.020962e-05
  2.597861e+00   3.140706e-04   3.025983e-05
  2.603023e+00   2.564260e-04   2.961714e-05
  2.608185e+00   2.249650e-04   2.959302e-05
  2.613346e+00   2.257407e-04   2.953152e-05
  2.618508e+00   2.443250e-04   2.926033e-05
  2.623670e+00   2.301077e-04   2.926821e-05
  2.628832e+00   2.345598e-04   2.925687e-05
  2.633993e+00   1.984495e-04   2.900675e-05
  2.639155e+00   2.727997e-04   2.918968e-05
  2.644317e+00   2.468895e-04   2.918226e-05
  2.649479e+00   2.359497e-04   2.915113e-05
  2.654640e+00   2.497858e-04   2.920386e-05
  2.659802e+00   2.838875e-04   2.924438e-05
  2.664964e+00   2.141418e-04   2.900709e-05
  2.670126e+00   2.308609e-04   2.905201e-05
  2.675287e+00   2.669801e-04   2.909554e-05
  2.680449e+00   2.151596e-04   2.889472e-05
  2.685611e+00   2.470240e-04   2.904046e-05
  2.690773e+00   2.775568e-04   2.893034e-05
  2.695935e+00   2.161281e-04   2.890566e-05
  2.701096e+00   2.429574e-04   2.905589e-05
  2.706258e+00   2.831970e-04   2.900438e-05
  2.711420e+00   2.298656e-04   2.888585e-05
  2.716581e+00   2.937243e-04   2.892251e-05
  2.721743e+00   2.345374e-04   2.889097e-05
  2.726905e+00   2.404736e-04   2.879557e-05
  2.732067e+00   1.955128e-04   2.894340e-05
  2.737228e+00   2.846004e-04   2.881206e-05
  2.742390e+00   2.825783e-04   2.875765e-05
  2.747552e+00   2.458089e-04   2.887071e-05
  2.752714e+00   2.153434e-04   2.882755e-05
  2.757875e+00   2.639717e-04   2.877261e-05
  2.763037e+00   2.596586e-04   2.872940e-05
  2.768199e+00   2.509695e-04   2.870845e-05
  2.773361e+00   2.473603e-04   2.857226e-05
  2.778522e+00   2.792560e-04   2.873031e-05
  2.783684e+00   2.490012e-04   2.866410e-05
  2.788846e+00   2.451858e-04   2.852048e-05
  2.794008e+00   2.437107e-04   2.868457e-05
  2.799170e+00   2.427556e-04   2.871388e-05
  2.804331e+00   2.448629e-04   2.841648e-05
  2.809493e+00   2.862010e-04   2.857847e-05
  2.814655e+00   2.406529e-04   2.842720e-05
  2.819817e+00   1.990055e-04   2.827455e-05
  2.824978e+00   2.468491e-04   2.849368e-05
  2.830140e+00   2.922403e-04   2.840506e-05
  2.835302e+00   2.453023e-04   2.837826e-05
  2.840464e+00   2.569326e-04   2.849568e-05
  2.845625e+00   2.222167e-04   2.853454e-05
  2.850787e+00   2.368240e-04   2.834298e-05
  2.855949e+00   2.878419e-04   2.850032e-05
  2.861111e+00   2.568025e-04   2.838355e-05
  2.866272e+00   1.971404e-04   2.828280e-05
  2.871434e+00   2.092997e-04   2.852295e-05
  2.876596e+00   2.656485e-04   2.830698e-05
  2.881758e+00   2.567443e-04   2.829457e-05
  2.886919e+00   2.421235e-04   2.832453e-05
  2.892081e+00   2.562601e-04   2.836165e-05
  2.897243e+00   2.145185e-04   2.806024e-05
  2.902405e+00   2.265971e-04   2.823673e-05
  2.907567e+00   2.257990e-04   2.820283e-05
  2.912728e+00   2.380659e-04   2.804704e-05
  2.917890e+00   3.068521e-04   2.831517e-05
  2.923052e+00   2.076856e-04   2.817847e-05
  2.928214e+00   2.240505e-04   2.841508e-05
  2.933375e+00   2.669756e-04   2.894750e-05
  2.938537e+00   2.037849e-04   2.922812e-05
  2.943699e+00   2.593492e-04   2.943365e-05
  2.948861e+00   2.283501e-04   2.969082e-05
  2.954022e+00   1.935939e-04   2.969700e-05
  2.959184e+00   2.149579e-04   3.002873e-05
  2.964346e+00   1.859450e-04   3.022427e-05
  2.969508e+00   2.419666e-04   3.012257e-05
  2.974669e+00   2.114787e-04   3.042384e-05
  2.979831e+00   2.683566e-04   3.065125e-05
  2.984993e+00   2.647608e-04   3.061032e-05
  2.990155e+00   2.271261e-04   3.068407e-05
  2.995317e+00   2.210510e-04   3.058142e-05
  3.000478e+00   2.423701e-04   2.993723e-05
  3.005640e+00   2.410654e-04   2.957078e-05
  3.010802e+00   2.208940e-04   2.967996e-05
  3.015964e+00   2.177825e-04   2.930601e-05
  3.021125e+00   1.980102e-04   2.920615e-05
  3.026287e+00   2.546864e-04   2.936494e-05
  3.031449e+00   2.108510e-04   2.913681e-05
  3.036611e+00   2.273055e-04   2.893988e-05
  3.041772e+00   1.667465e-04   2.910250e-05
  3.046934e+00   1.987948e-04   2.897132e-05
  3.052096e+00   2.527629e-04   2.886316e-05
  3.057258e+00   2.147202e-04   2.895137e-05
  3.062419e+00   2.180694e-04   2.885877e-05
  3.067581e+00   2.193428e-04   2.877800e-05
  3.072743e+00   2.180918e-04   2.903051e-05
  3.077905e+00   2.729253e-04   2.878143e-05
  3.083066e+00   2.207730e-04   2.866835e-05
  3.088228e+00   2.443922e-04   2.892067e-05
  3.093390e+00   2.051883e-04   2.874905e-05
  3.098552e+00   2.000502e-04   2.868046e-05
  3.103714e+00   1.984181e-04   2.879489e-05
  3.108875e+00   2.478400e-04   2.854629e-05
  3.114037e+00   2.157111e-04   2.863758e-05
  3.119199e+00   1.506731e-04   2.883103e-05
  3.124361e+00   1.914687e-04   2.853916e-05
  3.129522e+00   2.342056e-04   2.851536e-05
  3.134684e+00   2.814664e-04   2.867408e-05
  3.139846e+00   2.731898e-04   2.831260e-05
  3.145008e+00   2.674778e-04   2.849535e-05
  3.150169e+00   2.423028e-04   2.839264e-05
  3.155331e+00   2.390703e-04   2.827429e-05
  3.160493e+00   2.134783e-04   2.825810e-05
  3.165655e+00   1.970597e-04   2.846028e-05
  3.170816e+00   2.646846e-04   2.816663e-05
  3.175978e+00   2.356224e-04   2.826145e-05
  3.181140e+00   2.591743e-04   2.825507e-05
  3.186302e+00   2.447777e-04   2.812710e-05
  3.191463e+00   2.397786e-04   2.821014e-05
  3.196625e+00   2.561883e-04   2.824922e-05
  3.201787e+00   1.777043e-04   2.806220e-05
  3.206949e+00   1.458758e-04   2.828123e-05
  3.212111e+00   2.715758e-04   2.828414e-05
  3.217272e+00   2.300449e-04   2.812184e-05
  3.222434e+00   2.155318e-04   2.826173e-05
  3.227596e+00   2.454682e-04   2.831781e-05
  3.232758e+00   1.792646e-04   2.815247e-05
  3.237919e+00   2.595240e-04   2.826647e-05
  3.243081e+00   2.234631e-04   2.819223e-05
  3.248243e+00   2.578068e-04   2.821050e-05
  3.253405e+00   1.645362e-04   2.826120e-05
  3.258566e+00   2.064257e-04   2.839837e-05
  3.263728e+00   2.167826e-04   2.810798e-05
  3.268890e+00   2.401642e-04   2.831594e-05
  3.274052e+00   1.973197e-04   2.830080e-05
  3.279213e+00   2.238891e-04   2.818991e-05
  3.284375e+00   2.321746e-04   2.829721e-05
  3.289537e+00   2.019557e-04   2.828470e-05
  3.294699e+00   1.916032e-04   2.812975e-05
  3.299860e+00   2.578113e-04   2.838755e-05
  3.305022e+00   2.259291e-04   2.835402e-05
  3.310184e+00   2.383797e-04   2.815690e-05
  3.315346e+00   2.146754e-04   2.833845e-05
  3.320507e+00   1.699388e-04   2.818262e-05
  3.325669e+00   1.631059e-04   2.830015e-05
  3.330831e+00   2.488129e-04   2.819518e-05
  3.335993e+00   2.255031e-04   2.825413e-05
  3.341154e+00   2.154914e-04   2.803579e-05
  3.346316e+00   2.235348e-04   2.827490e-05
  3.351478e+00   2.418948e-04   2.811462e-05
  3.356640e+00   1.922757e-04   2.816459e-05
  3.361801e+00   1.816588e-04   2.827344e-05
  3.366963e+00   2.223019e-04   2.813979e-05
  3.372125e+00   2.342908e-04   2.808972e-05
  3.377287e+00   2.603087e-04   2.820958e-05
  3.382448e+00   2.449660e-04   2.817529e-05
  3.387610e+00   2.182891e-04   2.817475e-05
  3.392772e+00   1.840620e-04   2.825706e-05
  3.397934e+00   1.740143e-04   2.820832e-05
  3.403095e+00   1.806634e-04   2.814995e-05
  3.408257e+00   1.967189e-04   2.850823e-05
  3.413419e+00   2.119853e-04   2.815121e-05
  3.418581e+00   2.086540e-04   2.813870e-05
  3.423743e+00   2.416662e-04   2.831866e-05
  3.428904e+00   1.733463e-04   2.820465e-05
  3.434066e+00   2.290854e-04   2.812851e-05
  3.439228e+00   2.226291e-04   2.839558e-05
  3.444390e+00   2.106402e-04   2.817047e-05
  3.449551e+00   1.962302e-04   2.816146e-05
  3.454713e+00   1.878908e-04   2.838253e-05
  3.459875e+00   2.162491e-04   2.823726e-05
  3.465037e+00   2.326229e-04   2.808419e-05
  3.470198e+00   1.874022e-04   2.832035e-05
  3.475360e+00   1.981536e-04   2.816682e-05
  3.480522e+00   2.024981e-04   2.813544e-05
  3.485684e+00   2.111738e-04   2.833152e-05
  3.490845e+00   2.326857e-04   2.810994e-05
  3.496007e+00   1.996511e-04   2.814031e-05
  3.501169e+00   1.714229e-04   2.840928e-05
  3.506331e+00   2.297714e-04   2.825298e-05
  3.511492e+00   2.410923e-04   2.806123e-05
  3.516654e+00   1.755657e-04   2.840913e-05
  3.521816e+00   2.223467e-04   2.816548e-05
  3.526978e+00   2.222436e-04   2.820723e-05
  3.532140e+00   2.638417e-04   2.835415e-05
  3.537301e+00   1.770138e-04   2.823316e-05
  3.542463e+00   2.298476e-04   2.818384e-05
  3.547625e+00   1.890207e-04   2.839878e-05
  3.552787e+00   1.720012e-04   2.826496e-05
  3.557948e+00   2.374472e-04   2.813642e-05
  3.563110e+00   1.719026e-04   2.842261e-05
  3.568272e+00   2.368599e-04   2.824152e-05
  3.573434e+00   1.894512e-04   2.802809e-05
  3.578595e+00   1.881733e-04   2.837147e-05
  3.583757e+00   1.831069e-04   2.813980e-05
  3.588919e+00   2.151775e-04   2.824633e-05
  3.594081e+00   2.135097e-04   2.832802e-05
  3.599242e+00   2.064212e-04   2.826261e-05
  3.604404e+00   2.196252e-04   2.807291e-05
  3.609566e+00   1.976112e-04   2.845852e-05
  3.614728e+00   2.040853e-04   2.808582e-05
  3.619889e+00   1.523321e-04   2.824113e-05
  3.625051e+00   1.519375e-04   2.826989e-05
  3.630213e+00   2.809508e-04   2.818973e-05
  3.635375e+00   1.941005e-04   2.825897e-05
  3.640537e+00   1.651235e-04   2.846129e-05
  3.645698e+00   1.700240e-04   2.813564e-05
  3.650860e+00   1.877608e-04   2.829079e-05
  3.656022e+00   1.822775e-04   2.836357e-05
  3.661184e+00   1.571159e-04   2.809425e-05
  3.666345e+00   2.030900e-04   2.835661e-05
  3.671507e+00   1.986782e-04   2.834400e-05
  3.676669e+00   2.237411e-04   2.820507e-05
  3.681831e+00   1.631104e-04   2.827542e-05
  3.686992e+00   2.343715e-04   2.830811e-05
  3.692154e+00   9.761071e-05   2.818858e-05
  3.697316e+00   1.885141e-04   2.828374e-05
  3.702478e+00   1.915584e-04   2.834559e-05
  3.707639e+00   1.624290e-04   2.828051e-05
  3.712801e+00   1.548204e-04   2.827126e-05
  3.717963e+00   1.739381e-04   2.830723e-05
  3.723125e+00   1.730594e-04   2.802066e-05
  3.728287e+00   1.471626e-04   2.838866e-05
  3.733448e+00   2.399401e-04   2.834084e-05
  3.738610e+00   1.394240e-04   2.822718e-05
  3.743772e+00   1.636216e-04   2.832882e-05
  3.748934e+00   1.931186e-04   2.876676e-05
  3.754095e+00   2.000726e-04   2.921908e-05
  3.759257e+00   1.816767e-04   2.967271e-05
  3.764419e+00   1.339003e-04   2.965415e-05
  3.769581e+00   1.615008e-04   3.006441e-05
  3.774742e+00   2.201408e-04   3.012168e-05
  3.779904e+00   1.883482e-04   3.013218e-05
  3.785066e+00   1.731535e-04   3.030256e-05
  3.790228e+00   1.742565e-04   3.062348e-05
  3.795389e+00   2.084030e-04   3.027398e-05
  3.800551e+00   1.531749e-04   3.055316e-05
  3.805713e+00   1.384286e-04   3.050861e-05
  3.810875e+00   2.159128e-04   3.055671e-05
  3.816036e+00   1.693380e-04   2.965761e-05
  3.821198e+00   2.355058e-04   2.965096e-05
  3.826360e+00   2.420069e-04   2.930588e-05
  3.831522e+00   2.195489e-04   2.908993e-05
  3.836684e+00   1.587659e-04   2.943638e-05
  3.841845e+00   1.954680e-04   2.915937e-05
  3.847007e+00   1.860122e-04   2.906178e-05
  3.852169e+00   2.258752e-04   2.927059e-05
  3.857331e+00   2.054932e-04   2.904848e-05
  3.862492e+00   1.583041e-04   2.888074e-05
  3.867654e+00   1.872273e-04   2.923318e-05
  3.872816e+00   1.893614e-04   2.915474e-05
  3.877978e+00   1.910204e-04   2.904102e-05
  3.883139e+00   1.925044e-04   2.934626e-05
  3.888301e+00   2.001981e-04   2.914582e-05
  3.893463e+00   2.085913e-04   2.895452e-05
  3.898625e+00   1.717278e-04   2.928373e-05
  3.903786e+00   2.015387e-04   2.898373e-05
  3.908948e+00   1.740188e-04   2.893996e-05
  3.914110e+00   1.694547e-04   2.918138e-05
  3.919272e+00   1.596761e-04   2.902737e-05
  3.924433e+00   2.125950e-04   2.887072e-05
  3.929595e+00   2.110796e-04   2.926542e-05
  3.934757e+00   2.093221e-04   2.912406e-05
  3.939919e+00   1.753594e-04   2.895811e-05
  3.945080e+00   1.893166e-04   2.920778e-05
  3.950242e+00   1.943023e-04   2.908523e-05
  3.955404e+00   2.051210e-04   2.898148e-05
  3.960566e+00   1.643524e-04   2.934047e-05
  3.965727e+00   2.068785e-04   2.918490e-05
  3.970889e+00   1.323490e-04   2.916284e-05
  3.976051e+00   1.386259e-04   2.940847e-05
  3.981213e+00   2.340038e-04   2.908543e-05
  3.986374e+00   1.890028e-04   2.919467e-05
  3.991536e+00   1.677508e-04   2.940675e-05
  3.996698e+00   2.020991e-04   2.914216e-05
  4.001860e+00   2.217504e-04   2.921648e-05
  4.007021e+00   1.811880e-04   2.941811e-05
  4.012183e+00   1.812328e-04   2.908859e-05
  4.017345e+00   1.739157e-04   2.946525e-05
  4.022507e+00   1.513860e-04   2.938306e-05
  4.027668e+00   1.896753e-04   2.926611e-05
  4.032830e+00   1.899040e-04   2.938381e-05
  4.037992e+00   1.775698e-04   2.944444e-05
  4.043154e+00   1.456113e-04   2.916118e-05
  4.048316e+00   2.238397e-04   2.940242e-05
  4.053477e+00   1.400741e-04   2.939883e-05
  4.058639e+00   1.900071e-04   2.933841e-05
  4.063801e+00   1.750859e-04   2.946274e-05
  4.068963e+00   1.617296e-04   2.938104e-05
  4.074124e+00   1.763682e-04   2.944017e-05
  4.079286e+00   2.413389e-04   2.954311e-05
  4.084448e+00   1.916928e-04   2.935827e-05
  4.089610e+00   1.646752e-04   2.947506e-05
  4.094771e+00   1.550625e-04   2.960331e-05
  4.099933e+00   1.525562e-04   2.932446e-05
  4.105095e+00   1.598241e-04   2.944761e-05
  4.110257e+00   1.693157e-04   2.962012e-05
  4.115418e+00   2.191051e-04   2.960462e-05
  4.120580e+00   1.692170e-04   2.954755e-05
  4.125742e+00   1.631643e-04   2.975262e-05
  4.130904e+00   1.700554e-04   2.944911e-05
  4.136065e+00   1.264442e-04   2.971182e-05
  4.141227e+00   2.045606e-04   2.972177e-05
  4.146389e+00   1.534978e-04   2.962859e-05
  4.151551e+00   2.243150e-04   2.964695e-05
  4.156713e+00   1.506687e-04   2.984745e-05
  4.161874e+00   1.803361e-04   2.964271e-05
  4.167036e+00   1.915046e-04   2.980919e-05
  4.172198e+00   1.527400e-04   3.002565e-05
  4.177360e+00   2.056052e-04   2.971748e-05
  4.182521e+00   2.093848e-04   2.976820e-05
  4.187683e+00   2.049551e-04   3.008461e-05
  4.192845e+00   1.815602e-04   2.967091e-05
  4.198007e+00   1.575061e-04   2.991376e-05
  4.203168e+00   1.055824e-04   3.003022e-05
  4.208330e+00   2.238846e-04   2.983039e-05
  4.213492e+00   1.411950e-04   2.998422e-05
  4.218654e+00   1.406031e-04   3.003241e-05
  4.223815e+00   1.893839e-04   2.980975e-05
  4.228977e+00   1.894780e-04   2.994675e-05
  4.234139e+00   2.194144e-04   3.016478e-05
  4.239301e+00   1.981940e-04   2.975136e-05
  4.244462e+00   1.617653e-04   3.000263e-05
  4.249624e+00   1.275696e-04   3.011372e-05
  4.254786e+00   2.249023e-04   2.981147e-05
  4.259948e+00   1.591963e-04   3.005771e-05
  4.265110e+00   1.974452e-04   3.019286e-05
  4.270271e+00   1.534529e-04   2.991301e-05
  4.275433e+00   2.008617e-04   3.085511e-05
  4.280595e+00   1.796277e-04   3.120767e-05
  4.285757e+00   1.487677e-04   3.169539e-05
  4.290918e+00   1.992207e-04   3.177537e-05
  4.296080e+00   1.783230e-04   3.204512e-05
  4.301242e+00   2.273862e-04   3.208263e-05
  4.306404e+00   1.801299e-04   3.206471e-05
  4.311565e+00   1.168674e-04   3.217211e-05
  4.316727e+00   1.406435e-04   3.238558e-05
  4.321889e+00   2.067126e-04   3.255712e-05
  4.327051e+00   1.983689e-04   3.257932e-05
  4.332212e+00   1.292419e-04   3.264155e-05
  4.337374e+00   1.775474e-04   3.279606e-05
  4.342536e+00   1.441765e-04   3.278244e-05
  4.347698e+00   1.311968e-04   3.294324e-05
  4.352859e+00   1.664148e-04   3.304837e-05
  4.358021e+00   1.853577e-04   3.331269e-05
  4.363183e+00   1.490412e-04   3.332212e-05
  4.368345e+00   1.774443e-04   3.339724e-05
  4.373507e+00   1.538341e-04   3.350375e-05
  4.378668e+00   1.577437e-04   3.346316e-05
  4.383830e+00   2.307578e-04   3.357486e-05
  4.388992e+00   1.824344e-04   3.353371e-05
  4.394154e+00   2.025026e-04   3.380226e-05
  4.399315e+00   1.705890e-04   3.369708e-05
  4.404477e+00   2.493823e-04   3.407993e-05
  4.409639e+00   1.706338e-04   3.397594e-05
  4.414801e+00   1.646752e-04   3.406746e-05
  4.419962e+00   1.762965e-04   3.426754e-05
  4.425124e+00   1.954008e-04   3.437582e-05
  4.430286e+00   1.677329e-04   3.436331e-05
  4.435448e+00   1.026368e-04   3.423870e-05
  4.440609e+00   1.987410e-04   3.446980e-05
  4.445771e+00   2.108689e-04   3.463599e-05
  4.450933e+00   1.573357e-04   3.478591e-05
  4.456095e+00   1.734091e-04   3.474024e-05
  4.461257e+00   1.784486e-04   3.486879e-05
  4.466418e+00   1.997677e-04   3.492877e-05
  4.471580e+00   1.358417e-04   3.505293e-05
  4.476742e+00   1.616533e-04   3.498348e-05
  4.481904e+00   1.488304e-04   3.500904e-05
  4.487065e+00   1.383300e-04   3.481595e-05
  4.492227e+00   1.814122e-04   3.500465e-05
  4.497389e+00   1.337165e-04   3.496670e-05
  4.502551e+00   1.440735e-04   3.508689e-05
  4.507712e+00   1.719878e-04   3.501813e-05
  4.512874e+00   1.806186e-04   3.509590e-05
  4.518036e+00   2.159038e-04   3.521684e-05
  4.523198e+00   1.349136e-04   3.505733e-05
  4.528359e+00   1.036635e-04   3.512667e-05
  4.533521e+00   1.616040e-04   3.503057e-05
  4.538683e+00   1.556006e-04   3.514792e-05
  4.543845e+00   1.430915e-04   3.511692e-05
  4.549006e+00   1.823492e-04   3.518464e-05
  4.554168e+00   1.242294e-04   3.500725e-05
  4.559330e+00   2.159532e-04   3.503086e-05
  4.564492e+00   1.296365e-04   3.512379e-05
  4.569654e+00   1.359179e-04   3.519688e-05
  4.574815e+00   1.525607e-04   3.501490e-05
  4.579977e+00   1.502517e-04   3.513976e-05
  4.585139e+00   1.547666e-04   3.498922e-05
  4.590301e+00   7.321139e-05   3.517858e-05
  4.595462e+00   1.355637e-04   3.512116e-05
  4.600624e+00   2.194638e-04   3.533571e-05
  4.605786e+00   2.023143e-04   3.536460e-05
  4.610948e+00   1.956339e-04   3.546157e-05
  4.616109e+00   1.445173e-04   3.571577e-05
  4.621271e+00   1.150471e-04   3.552016e-05
  4.626433e+00   1.081784e-04   3.560078e-05
  4.631595e+00   1.023409e-04   3.582078e-05
  4.636756e+00   1.695039e-04   3.591247e-05
  4.641918e+00   1.623169e-04   3.598193e-05
  4.647080e+00   1.480727e-04   3.602081e-05
  4.652242e+00   1.781616e-04   3.616691e-05
  4.657403e+00   2.077618e-04   3.624258e-05
  4.662565e+00   2.296907e-04   3.659455e-05
  4.667727e+00   1.165536e-04   3.663433e-05
  4.672889e+00   1.490457e-04   3.643422e-05
  4.678051e+00   2.082954e-04   3.664431e-05
  4.683212e+00   9.423462e-05   3.670426e-05
  4.688374e+00   1.912624e-04   3.702351e-05
  4.693536e+00   2.002430e-04   3.698347e-05
  4.698698e+00   2.448944e-04   3.715983e-05
  4.703859e+00   1.481624e-04   3.725313e-05
  4.709021e+00   2.043409e-04   3.752757e-05
  4.714183e+00   1.773814e-04   3.764191e-05
  4.719345e+00   1.511260e-04   3.768369e-05
  4.724506e+00   1.313940e-04   3.783305e-05
  4.729668e+00   1.297845e-04   3.783301e-05
  4.734830e+00   2.277762e-04   3.814145e-05
  4.739992e+00   1.329678e-04   3.803302e-05
  4.745153e+00   1.711584e-04   3.822008e-05
  4.750315e+00   2.253999e-04   3.849145e-05
  4.755477e+00   1.206560e-04   3.841667e-05
  4.760639e+00   1.839678e-04   3.877829e-05
  4.765800e+00   2.124022e-04   3.903565e-05
  4.770962e+00   2.351875e-04   3.876532e-05
  4.776124e+00   1.856491e-04   3.894427e-05
  4.781286e+00   2.383439e-04   3.902020e-05
  4.786448e+00   9.738655e-05   3.911890e-05
  4.791609e+00   1.515295e-04   3.939723e-05
  4.796771e+00   1.488215e-04   3.951949e-05
  4.801933e+00   1.246060e-04   3.952795e-05
  4.807095e+00   1.967996e-04   3.982986e-05
  4.812256e+00   1.808248e-04   3.978351e-05
  4.817418e+00   2.123664e-04   4.017920e-05
  4.822580e+00   1.791032e-04   4.004194e-05
  4.827742e+00   1.570129e-04   4.020682e-05
  4.832903e+00   1.687910e-04   4.028917e-05
  4.838065e+00   1.594743e-04   4.029090e-05
  4.843227e+00   2.406619e-04   4.058741e-05
  4.848388e+00   1.080573e-04   4.065457e-05
  4.853550e+00   6.565666e-05   4.095412e-05
  4.858712e+00   1.010630e-04   4.096180e-05
  4.863873e+00   1.203511e-04   4.123340e-05
  4.869035e+00   1.043943e-04   4.132591e-05
  4.874197e+00   1.556409e-04   4.116509e-05
  4.879359e+00   1.750321e-04   4.139372e-05
  4.884521e+00   1.915494e-04   4.151529e-05
  4.889682e+00   1.809818e-04   4.143707e-05
  4.894844e+00   1.597119e-04   4.138438e-05
  4.900006e+00   1.250274e-04   4.161386e-05
  4.905168e+00   1.995346e-04   4.176924e-05
  4.910329e+00   1.674549e-04   4.198109e-05
  4.915491e+00   2.241760e-04   4.271675e-05
  4.920653e+00   1.129713e-04   4.225161e-05
  4.925815e+00   1.300445e-04   4.264855e-05
  4.930976e+00   2.083402e-04   4.291981e-05
  4.936138e+00   1.581831e-04   4.285091e-05
  4.941300e+00   2.355283e-04   4.328251e-05
  4.946462e+00   1.516147e-04   4.358065e-05
  4.951623e+00   2.040808e-04   4.373171e-05
  4.956785e+00   1.865055e-04   4.396253e-05
  4.961947e+00   1.696743e-04   4.411646e-05
  4.967109e+00   2.138953e-04   4.474711e-05
  4.972270e+00   1.924865e-04   4.448750e-05
  4.977432e+00   1.202525e-04   4.471537e-05
  4.982594e+00   2.131196e-04   4.491980e-05
  4.987756e+00   1.692708e-04   4.526893e-05
  4.992918e+00   1.393164e-04   4.532834e-05
  4.998079e+00   1.311250e-04   4.553534e-05
  5.003241e+00   1.578827e-04   4.607942e-05
  5.008403e+00   1.659888e-04   4.616833e-05
  5.013565e+00   1.474495e-04   4.643679e-05
  5.018726e+00   1.556543e-04   4.684650e-05
  5.023888e+00   1.819457e-04   4.683287e-05
  5.029050e+00   2.233420e-04   4.688542e-05
  5.034212e+00   2.157246e-04   4.712932e-05
  5.039373e+00   1.440151e-04   4.743514e-05
  5.044535e+00   1.255789e-04   4.767214e-05
  5.049697e+00   1.098866e-04   4.721958e-05
  5.054859e+00   2.041391e-04   4.786722e-05
  5.060020e+00   2.060312e-04   4.833763e-05
  5.065182e+00   1.156255e-04   4.911261e-05
  5.070344e+00   2.101605e-04   4.967309e-05
  5.075506e+00   1.713243e-04   4.987422e-05
  5.080667e+00   2.614385e-04   5.042987e-05
  5.085829e+00   2.209165e-04   5.080715e-05
  5.090991e+00   1.465886e-04   5.143655e-05
  5.096153e+00   2.233824e-04   5.188324e-05
  5.101315e+00   1.053627e-04   5.227488e-05
  5.106476e+00   2.199704e-04   5.317427e-05
  5.111638e+00   1.220952e-04   5.378936e-05
  5.116800e+00   1.120028e-04   5.483582e-05
  5.121962e+00   1.608418e-04   5.503512e-05
  5.127123e+00   8.790386e-05   5.554440e-05
  5.132285e+00   1.755881e-04   5.628001e-05
  5.137447e+00   1.247853e-04   5.684619e-05
  5.142609e+00   5.925868e-05   5.817179e-05
  5.147770e+00   1.473194e-04   5.950639e-05
  5.152932e+00   5.115247e-05   6.060830e-05
  5.158094e+00   1.142580e-04   6.168968e-05
  5.163256e+00   2.205354e-04   6.248861e-05
  5.168417e+00   2.783280e-04   6.532461e-05
  5.173579e+00   1.530808e-04   6.880625e-05
  5.178741e+00   2.531350e-04   6.905952e-05
  5.183903e+00   2.534758e-04   7.048748e-05
  5.189065e+00   1.877967e-04   7.068434e-05
  5.194226e+00   1.997408e-04   7.543275e-05
  5.199388e+00   3.291755e-04   7.934538e-05
  5.204550e+00   2.388550e-04   8.404207e-05
  5.209712e+00   2.982482e-04   1.206161e-04
range-from: 1
range-to: 1000
Buffer: NaP
Code: TipAS_NaP
Concentration: 1.79
Measurement Temperature (degrees C): 10.0
Storage Temperature (degrees C): 10.0
datop-operation: /media/alessandra/TOSHIBA_EXT/Post-Doc/DAbramo/TipAS/20230120_BM29/TipAStrend_10deg_sc/sub_001.dat DIV 1.79
range-from: 1
range-to: 1000
parent: TipAS_NaP_10deg_1-2_ave_sub.dat
creator: datop
creator-version: v0.4 (r12314)
datop-operation: TipAS_NaP_10deg_1-2_ave_sub.dat MUL 0.00080255
