Sample description: Sample c= 1.79 mg/ml
Sample: Sample c= 1.79   c= 1.79 mg/ml  Code: TipAS_NaP
Parent(s): TipAS_NaP_25deg_1-2_ave_sub.dat
  5.311318e-02   2.673384e-02   1.187657e-03
  5.827494e-02   2.820757e-02   7.922410e-04
  6.343670e-02   2.724460e-02   6.071492e-04
  6.859846e-02   2.837655e-02   4.946138e-04
  7.376022e-02   2.638408e-02   4.311409e-04
  7.892198e-02   2.644560e-02   3.797781e-04
  8.408374e-02   2.696501e-02   3.362149e-04
  8.924550e-02   2.698276e-02   2.942370e-04
  9.440726e-02   2.666955e-02   2.685006e-04
  9.956902e-02   2.678463e-02   2.486288e-04
  1.047308e-01   2.607081e-02   2.248165e-04
  1.098925e-01   2.627961e-02   2.071216e-04
  1.150543e-01   2.597433e-02   1.937440e-04
  1.202161e-01   2.608699e-02   1.817617e-04
  1.253778e-01   2.533824e-02   1.730008e-04
  1.305396e-01   2.548413e-02   1.630993e-04
  1.357013e-01   2.542308e-02   1.535021e-04
  1.408631e-01   2.544868e-02   1.484344e-04
  1.460249e-01   2.528037e-02   1.389385e-04
  1.511866e-01   2.493969e-02   1.360125e-04
  1.563484e-01   2.474905e-02   1.298979e-04
  1.615101e-01   2.471609e-02   1.245272e-04
  1.666719e-01   2.432292e-02   1.217460e-04
  1.718337e-01   2.401752e-02   1.177801e-04
  1.769954e-01   2.382741e-02   1.126456e-04
  1.821572e-01   2.392827e-02   1.105934e-04
  1.873190e-01   2.382493e-02   1.076194e-04
  1.924807e-01   2.373103e-02   1.048530e-04
  1.976425e-01   2.331852e-02   1.027788e-04
  2.028042e-01   2.333100e-02   1.004626e-04
  2.079660e-01   2.306682e-02   9.710486e-05
  2.131277e-01   2.291235e-02   9.628208e-05
  2.182895e-01   2.271173e-02   9.503300e-05
  2.234513e-01   2.234298e-02   9.227391e-05
  2.286130e-01   2.213833e-02   9.139632e-05
  2.337748e-01   2.210559e-02   8.971113e-05
  2.389365e-01   2.186356e-02   8.700758e-05
  2.440983e-01   2.166734e-02   8.614291e-05
  2.492601e-01   2.139910e-02   8.521861e-05
  2.544218e-01   2.127111e-02   8.301561e-05
  2.595836e-01   2.106211e-02   8.232317e-05
  2.647454e-01   2.092757e-02   8.099014e-05
  2.699071e-01   2.075515e-02   7.901046e-05
  2.750689e-01   2.049109e-02   7.925114e-05
  2.802306e-01   2.037699e-02   7.775629e-05
  2.853924e-01   2.018435e-02   7.591580e-05
  2.905541e-01   1.997542e-02   7.633587e-05
  2.957159e-01   1.953720e-02   7.713922e-05
  3.008777e-01   1.954486e-02   7.704449e-05
  3.060394e-01   1.914701e-02   7.748701e-05
  3.112012e-01   1.914591e-02   7.625906e-05
  3.163629e-01   1.890415e-02   7.555703e-05
  3.215247e-01   1.867767e-02   7.581676e-05
  3.266865e-01   1.858438e-02   7.537662e-05
  3.318482e-01   1.831647e-02   7.466589e-05
  3.370100e-01   1.814868e-02   7.395888e-05
  3.421718e-01   1.789102e-02   7.386661e-05
  3.473335e-01   1.771002e-02   7.369314e-05
  3.524953e-01   1.759233e-02   7.326761e-05
  3.576570e-01   1.742697e-02   7.077191e-05
  3.628188e-01   1.732278e-02   6.815627e-05
  3.679805e-01   1.713137e-02   6.831144e-05
  3.731423e-01   1.687281e-02   6.698195e-05
  3.783041e-01   1.681129e-02   6.529914e-05
  3.834658e-01   1.649979e-02   6.486518e-05
  3.886276e-01   1.629974e-02   6.408887e-05
  3.937894e-01   1.606925e-02   6.301735e-05
  3.989511e-01   1.601795e-02   6.286293e-05
  4.041129e-01   1.580790e-02   6.212361e-05
  4.092746e-01   1.562817e-02   6.042498e-05
  4.144364e-01   1.540702e-02   6.031321e-05
  4.195982e-01   1.524300e-02   6.004482e-05
  4.247599e-01   1.517333e-02   5.881938e-05
  4.299217e-01   1.492940e-02   5.868564e-05
  4.350834e-01   1.480399e-02   5.781642e-05
  4.402452e-01   1.470666e-02   5.683583e-05
  4.454069e-01   1.459493e-02   5.688842e-05
  4.505687e-01   1.432341e-02   5.653001e-05
  4.557305e-01   1.414323e-02   5.504112e-05
  4.608922e-01   1.404393e-02   5.532471e-05
  4.660540e-01   1.378549e-02   5.475736e-05
  4.712158e-01   1.370809e-02   5.538214e-05
  4.763775e-01   1.355686e-02   5.584555e-05
  4.815393e-01   1.345541e-02   5.586819e-05
  4.867010e-01   1.324612e-02   5.534923e-05
  4.918628e-01   1.308568e-02   5.570616e-05
  4.970246e-01   1.287264e-02   5.532143e-05
  5.021863e-01   1.275408e-02   5.516994e-05
  5.073481e-01   1.267697e-02   5.499754e-05
  5.125098e-01   1.241624e-02   5.496790e-05
  5.176716e-01   1.245565e-02   5.483712e-05
  5.228333e-01   1.216087e-02   5.458201e-05
  5.279951e-01   1.209890e-02   5.463845e-05
  5.331569e-01   1.194422e-02   5.331389e-05
  5.383186e-01   1.195905e-02   5.298234e-05
  5.434804e-01   1.173822e-02   5.218198e-05
  5.486422e-01   1.156006e-02   5.087925e-05
  5.538039e-01   1.147587e-02   5.065767e-05
  5.589657e-01   1.131575e-02   5.025371e-05
  5.641274e-01   1.121553e-02   4.919847e-05
  5.692892e-01   1.103828e-02   4.937695e-05
  5.744510e-01   1.090482e-02   4.916579e-05
  5.796127e-01   1.083024e-02   4.805328e-05
  5.847745e-01   1.078707e-02   4.796703e-05
  5.899363e-01   1.051817e-02   4.773823e-05
  5.950980e-01   1.040995e-02   4.690475e-05
  6.002598e-01   1.027353e-02   4.679862e-05
  6.054215e-01   1.020751e-02   4.666268e-05
  6.105833e-01   1.009589e-02   4.589783e-05
  6.157451e-01   9.940224e-03   4.589066e-05
  6.209068e-01   9.830748e-03   4.566473e-05
  6.260686e-01   9.742716e-03   4.479176e-05
  6.312303e-01   9.694443e-03   4.490052e-05
  6.363921e-01   9.555136e-03   4.492953e-05
  6.415538e-01   9.461848e-03   4.378956e-05
  6.467156e-01   9.334973e-03   4.395758e-05
  6.518773e-01   9.261066e-03   4.377298e-05
  6.570391e-01   9.171252e-03   4.321607e-05
  6.622009e-01   9.069385e-03   4.389239e-05
  6.673626e-01   8.918361e-03   4.433027e-05
  6.725244e-01   8.851846e-03   4.373046e-05
  6.776862e-01   8.617686e-03   4.398064e-05
  6.828479e-01   8.578256e-03   4.453463e-05
  6.880097e-01   8.511332e-03   4.327345e-05
  6.931714e-01   8.463813e-03   4.289616e-05
  6.983332e-01   8.363679e-03   4.251515e-05
  7.034950e-01   8.264724e-03   4.149527e-05
  7.086567e-01   8.123114e-03   4.198167e-05
  7.138185e-01   8.057754e-03   4.153971e-05
  7.189803e-01   7.889940e-03   4.071883e-05
  7.241420e-01   7.867272e-03   4.081493e-05
  7.293038e-01   7.707964e-03   4.063880e-05
  7.344655e-01   7.651377e-03   3.980585e-05
  7.396273e-01   7.573117e-03   3.972243e-05
  7.447891e-01   7.598665e-03   3.964896e-05
  7.499508e-01   7.466284e-03   3.909662e-05
  7.551126e-01   7.370592e-03   3.925977e-05
  7.602744e-01   7.271897e-03   3.906081e-05
  7.654361e-01   7.179061e-03   3.847141e-05
  7.705979e-01   7.172838e-03   3.871181e-05
  7.757596e-01   7.034306e-03   3.857723e-05
  7.809214e-01   6.926702e-03   3.808778e-05
  7.860831e-01   6.918044e-03   3.807871e-05
  7.912449e-01   6.778117e-03   3.787212e-05
  7.964066e-01   6.736838e-03   3.735402e-05
  8.015684e-01   6.570181e-03   3.754089e-05
  8.067302e-01   6.533407e-03   3.729502e-05
  8.118919e-01   6.439441e-03   3.677045e-05
  8.170537e-01   6.438522e-03   3.679129e-05
  8.222154e-01   6.327174e-03   3.646721e-05
  8.273772e-01   6.247498e-03   3.621413e-05
  8.325390e-01   6.175829e-03   3.611493e-05
  8.377007e-01   6.115709e-03   3.609116e-05
  8.428625e-01   6.000585e-03   3.558480e-05
  8.480242e-01   5.992398e-03   3.550353e-05
  8.531860e-01   5.883467e-03   3.556231e-05
  8.583478e-01   5.845582e-03   3.518675e-05
  8.635095e-01   5.768407e-03   3.519695e-05
  8.686713e-01   5.710421e-03   3.506689e-05
  8.738331e-01   5.604399e-03   3.469664e-05
  8.789948e-01   5.572006e-03   3.478450e-05
  8.841566e-01   5.534752e-03   3.475030e-05
  8.893183e-01   5.455394e-03   3.441259e-05
  8.944801e-01   5.383864e-03   3.424572e-05
  8.996419e-01   5.391522e-03   3.423996e-05
  9.048036e-01   5.269481e-03   3.382300e-05
  9.099654e-01   5.184298e-03   3.391885e-05
  9.151272e-01   5.159738e-03   3.372759e-05
  9.202889e-01   5.071121e-03   3.330744e-05
  9.254507e-01   5.055164e-03   3.357112e-05
  9.306124e-01   4.934481e-03   3.326476e-05
  9.357742e-01   4.918928e-03   3.306240e-05
  9.409359e-01   4.838373e-03   3.288971e-05
  9.460977e-01   4.777230e-03   3.293053e-05
  9.512594e-01   4.736681e-03   3.270466e-05
  9.564212e-01   4.712757e-03   3.264771e-05
  9.615830e-01   4.646267e-03   3.255302e-05
  9.667447e-01   4.594365e-03   3.212410e-05
  9.719065e-01   4.569245e-03   3.219037e-05
  9.770682e-01   4.538698e-03   3.212819e-05
  9.822300e-01   4.380125e-03   3.209092e-05
  9.873918e-01   4.350148e-03   3.252702e-05
  9.925535e-01   4.323803e-03   3.256752e-05
  9.977153e-01   4.313267e-03   3.261470e-05
  1.002877e+00   4.214396e-03   3.276653e-05
  1.008039e+00   4.223023e-03   3.289372e-05
  1.013201e+00   4.144108e-03   3.286403e-05
  1.018362e+00   3.994852e-03   3.295444e-05
  1.023524e+00   3.978953e-03   3.316136e-05
  1.028686e+00   3.977034e-03   3.278429e-05
  1.033848e+00   3.924246e-03   3.290539e-05
  1.039009e+00   3.879159e-03   3.287091e-05
  1.044171e+00   3.828827e-03   3.262369e-05
  1.049333e+00   3.808840e-03   3.262689e-05
  1.054495e+00   3.774173e-03   3.284419e-05
  1.059656e+00   3.745761e-03   3.262366e-05
  1.064818e+00   3.686681e-03   3.264484e-05
  1.069980e+00   3.632090e-03   3.278697e-05
  1.075142e+00   3.603297e-03   3.237800e-05
  1.080303e+00   3.580090e-03   3.254498e-05
  1.085465e+00   3.492110e-03   3.265936e-05
  1.090627e+00   3.455005e-03   3.226204e-05
  1.095789e+00   3.447898e-03   3.241399e-05
  1.100950e+00   3.415388e-03   3.257996e-05
  1.106112e+00   3.376341e-03   3.213308e-05
  1.111274e+00   3.340321e-03   3.274541e-05
  1.116436e+00   3.261482e-03   3.310149e-05
  1.121598e+00   3.197830e-03   3.318946e-05
  1.126759e+00   3.153721e-03   3.339123e-05
  1.131921e+00   3.211141e-03   3.375479e-05
  1.137083e+00   3.125116e-03   3.359644e-05
  1.142245e+00   3.076918e-03   3.342894e-05
  1.147406e+00   3.026837e-03   3.369405e-05
  1.152568e+00   3.007850e-03   3.367145e-05
  1.157730e+00   2.935208e-03   3.371341e-05
  1.162892e+00   2.946376e-03   3.361434e-05
  1.168053e+00   2.903146e-03   3.349345e-05
  1.173215e+00   2.877514e-03   3.363641e-05
  1.178377e+00   2.889426e-03   3.306225e-05
  1.183539e+00   2.789686e-03   3.251276e-05
  1.188700e+00   2.741842e-03   3.302643e-05
  1.193862e+00   2.773886e-03   3.291534e-05
  1.199024e+00   2.679307e-03   3.250652e-05
  1.204186e+00   2.661229e-03   3.303411e-05
  1.209347e+00   2.634408e-03   3.287777e-05
  1.214509e+00   2.596868e-03   3.264562e-05
  1.219671e+00   2.565918e-03   3.281861e-05
  1.224833e+00   2.540806e-03   3.274368e-05
  1.229995e+00   2.520119e-03   3.237512e-05
  1.235156e+00   2.472962e-03   3.291146e-05
  1.240318e+00   2.500867e-03   3.265074e-05
  1.245480e+00   2.447370e-03   3.256473e-05
  1.250642e+00   2.429534e-03   3.264053e-05
  1.255803e+00   2.376198e-03   3.255773e-05
  1.260965e+00   2.453651e-03   3.245286e-05
  1.266127e+00   2.364276e-03   3.271138e-05
  1.271289e+00   2.334246e-03   3.239585e-05
  1.276450e+00   2.274359e-03   3.223045e-05
  1.281612e+00   2.218992e-03   3.243865e-05
  1.286774e+00   2.239442e-03   3.225599e-05
  1.291936e+00   2.194333e-03   3.286943e-05
  1.297097e+00   2.169450e-03   3.319084e-05
  1.302259e+00   2.158725e-03   3.306866e-05
  1.307421e+00   2.096579e-03   3.341910e-05
  1.312583e+00   2.080833e-03   3.364514e-05
  1.317744e+00   2.082165e-03   3.352781e-05
  1.322906e+00   1.992647e-03   3.373333e-05
  1.328068e+00   2.023143e-03   3.417266e-05
  1.333230e+00   1.945892e-03   3.388564e-05
  1.338391e+00   1.944713e-03   3.440001e-05
  1.343553e+00   1.986620e-03   3.436031e-05
  1.348715e+00   1.898833e-03   3.424299e-05
  1.353877e+00   1.857518e-03   3.434280e-05
  1.359038e+00   1.907796e-03   3.385873e-05
  1.364200e+00   1.881208e-03   3.352556e-05
  1.369362e+00   1.741704e-03   3.303792e-05
  1.374524e+00   1.790516e-03   3.327771e-05
  1.379686e+00   1.785714e-03   3.322619e-05
  1.384847e+00   1.819166e-03   3.289618e-05
  1.390009e+00   1.768753e-03   3.302697e-05
  1.395171e+00   1.682692e-03   3.258859e-05
  1.400333e+00   1.719206e-03   3.272646e-05
  1.405494e+00   1.704101e-03   3.264310e-05
  1.410656e+00   1.684180e-03   3.254101e-05
  1.415818e+00   1.660795e-03   3.226463e-05
  1.420980e+00   1.673644e-03   3.268775e-05
  1.426141e+00   1.579992e-03   3.238323e-05
  1.431303e+00   1.630517e-03   3.225437e-05
  1.436465e+00   1.557736e-03   3.232022e-05
  1.441627e+00   1.570398e-03   3.212717e-05
  1.446788e+00   1.554553e-03   3.203922e-05
  1.451950e+00   1.444855e-03   3.219929e-05
  1.457112e+00   1.546335e-03   3.181943e-05
  1.462274e+00   1.483574e-03   3.176754e-05
  1.467435e+00   1.456628e-03   3.187912e-05
  1.472597e+00   1.428969e-03   3.194701e-05
  1.477759e+00   1.397616e-03   3.155981e-05
  1.482921e+00   1.383018e-03   3.172893e-05
  1.488083e+00   1.404180e-03   3.157680e-05
  1.493244e+00   1.309690e-03   3.144157e-05
  1.498406e+00   1.343859e-03   3.169105e-05
  1.503568e+00   1.378405e-03   3.143177e-05
  1.508730e+00   1.377059e-03   3.130875e-05
  1.513891e+00   1.256506e-03   3.153575e-05
  1.519053e+00   1.317912e-03   3.150402e-05
  1.524215e+00   1.313178e-03   3.138095e-05
  1.529377e+00   1.243961e-03   3.138813e-05
  1.534538e+00   1.200714e-03   3.133284e-05
  1.539700e+00   1.247898e-03   3.112671e-05
  1.544862e+00   1.222651e-03   3.137479e-05
  1.550024e+00   1.228928e-03   3.116178e-05
  1.555185e+00   1.175081e-03   3.104715e-05
  1.560347e+00   1.153381e-03   3.127726e-05
  1.565509e+00   1.179090e-03   3.119474e-05
  1.570671e+00   1.185021e-03   3.083369e-05
  1.575832e+00   1.173463e-03   3.109178e-05
  1.580994e+00   1.090827e-03   3.102652e-05
  1.586156e+00   1.069575e-03   3.077080e-05
  1.591318e+00   1.076641e-03   3.091565e-05
  1.596480e+00   1.033191e-03   3.081506e-05
  1.601641e+00   1.067867e-03   3.062421e-05
  1.606803e+00   1.107411e-03   3.090403e-05
  1.611965e+00   1.057962e-03   3.073269e-05
  1.617127e+00   9.849303e-04   3.060168e-05
  1.622288e+00   1.028802e-03   3.069061e-05
  1.627450e+00   1.027421e-03   3.065832e-05
  1.632612e+00   9.886654e-04   3.040986e-05
  1.637774e+00   9.714755e-04   3.066690e-05
  1.642935e+00   9.646603e-04   3.042208e-05
  1.648097e+00   9.148709e-04   3.040385e-05
  1.653259e+00   9.492505e-04   3.051419e-05
  1.658421e+00   9.224935e-04   3.047971e-05
  1.663582e+00   9.208162e-04   3.024191e-05
  1.668744e+00   9.389249e-04   3.046178e-05
  1.673906e+00   9.079842e-04   3.031276e-05
  1.679068e+00   8.673190e-04   3.006142e-05
  1.684229e+00   8.633014e-04   3.030815e-05
  1.689391e+00   8.135883e-04   3.020895e-05
  1.694553e+00   8.251241e-04   3.010729e-05
  1.699715e+00   8.598537e-04   3.051586e-05
  1.704876e+00   8.684843e-04   2.995328e-05
  1.710038e+00   7.965510e-04   3.000367e-05
  1.715200e+00   7.823607e-04   3.003572e-05
  1.720362e+00   8.198249e-04   2.998440e-05
  1.725523e+00   7.761645e-04   2.979992e-05
  1.730685e+00   8.197173e-04   3.000616e-05
  1.735847e+00   7.807511e-04   2.981801e-05
  1.741009e+00   7.561545e-04   2.970813e-05
  1.746171e+00   7.826297e-04   3.010299e-05
  1.751332e+00   7.719993e-04   2.976266e-05
  1.756494e+00   7.179819e-04   2.954306e-05
  1.761656e+00   7.601717e-04   2.979610e-05
  1.766818e+00   7.653772e-04   2.954902e-05
  1.771979e+00   7.559348e-04   2.945707e-05
  1.777141e+00   6.999940e-04   2.964321e-05
  1.782303e+00   6.676364e-04   2.945682e-05
  1.787465e+00   6.523386e-04   2.924174e-05
  1.792626e+00   6.774643e-04   2.954740e-05
  1.797788e+00   6.598620e-04   2.922467e-05
  1.802950e+00   6.568625e-04   2.900498e-05
  1.808112e+00   6.863775e-04   2.933306e-05
  1.813273e+00   6.363773e-04   2.914450e-05
  1.818435e+00   6.792712e-04   2.904738e-05
  1.823597e+00   6.625118e-04   2.923663e-05
  1.828759e+00   6.313692e-04   2.908031e-05
  1.833920e+00   6.174165e-04   2.905838e-05
  1.839082e+00   5.875562e-04   2.914352e-05
  1.844244e+00   5.773249e-04   2.900182e-05
  1.849406e+00   5.907530e-04   2.876996e-05
  1.854568e+00   5.992762e-04   2.914016e-05
  1.859729e+00   6.184433e-04   2.903323e-05
  1.864891e+00   5.466532e-04   2.872844e-05
  1.870053e+00   5.617446e-04   2.906210e-05
  1.875215e+00   5.679991e-04   2.887488e-05
  1.880376e+00   5.663448e-04   2.882161e-05
  1.885538e+00   4.929271e-04   2.897012e-05
  1.890700e+00   5.476485e-04   2.882209e-05
  1.895862e+00   5.259483e-04   2.866388e-05
  1.901023e+00   5.823464e-04   2.888618e-05
  1.906185e+00   4.732445e-04   2.873626e-05
  1.911347e+00   5.526789e-04   2.856446e-05
  1.916509e+00   5.135289e-04   2.886569e-05
  1.921670e+00   5.042256e-04   2.856999e-05
  1.926832e+00   5.327273e-04   2.877215e-05
  1.931994e+00   5.162055e-04   2.875983e-05
  1.937156e+00   5.067184e-04   2.851076e-05
  1.942317e+00   5.446669e-04   2.850235e-05
  1.947479e+00   4.685457e-04   2.867498e-05
  1.952641e+00   4.878697e-04   2.853999e-05
  1.957803e+00   4.342917e-04   2.844761e-05
  1.962964e+00   4.692676e-04   2.856588e-05
  1.968126e+00   4.425951e-04   2.844708e-05
  1.973288e+00   4.721101e-04   2.841504e-05
  1.978450e+00   4.278488e-04   2.857804e-05
  1.983611e+00   4.261137e-04   2.844938e-05
  1.988773e+00   4.579870e-04   2.830403e-05
  1.993935e+00   4.588837e-04   2.844482e-05
  1.999097e+00   4.121654e-04   2.828758e-05
  2.004259e+00   4.828841e-04   2.829790e-05
  2.009420e+00   4.162141e-04   2.846276e-05
  2.014582e+00   3.906356e-04   2.834388e-05
  2.019744e+00   4.056330e-04   2.821728e-05
  2.024906e+00   3.955989e-04   2.828851e-05
  2.030067e+00   3.809422e-04   2.826819e-05
  2.035229e+00   4.059244e-04   2.805389e-05
  2.040391e+00   3.768174e-04   2.832875e-05
  2.045553e+00   3.895371e-04   2.812135e-05
  2.050714e+00   3.900079e-04   2.807793e-05
  2.055876e+00   3.887570e-04   2.823665e-05
  2.061038e+00   3.617752e-04   2.810386e-05
  2.066200e+00   3.645863e-04   2.813424e-05
  2.071362e+00   3.859503e-04   2.816545e-05
  2.076523e+00   4.342244e-04   2.798862e-05
  2.081685e+00   3.432717e-04   2.789493e-05
  2.086847e+00   3.509654e-04   2.807509e-05
  2.092008e+00   3.239208e-04   2.801245e-05
  2.097170e+00   4.031177e-04   2.791497e-05
  2.102332e+00   3.645550e-04   2.805257e-05
  2.107494e+00   3.175049e-04   2.800834e-05
  2.112655e+00   3.252166e-04   2.864087e-05
  2.117817e+00   3.466792e-04   2.893983e-05
  2.122979e+00   2.972574e-04   2.891829e-05
  2.128141e+00   3.307000e-04   2.922439e-05
  2.133302e+00   3.407789e-04   2.945950e-05
  2.138464e+00   3.553234e-04   2.947513e-05
  2.143626e+00   3.893489e-04   2.987971e-05
  2.148788e+00   3.083989e-04   2.994373e-05
  2.153949e+00   3.222575e-04   2.994017e-05
  2.159111e+00   2.963068e-04   3.012185e-05
  2.164273e+00   2.868556e-04   3.027121e-05
  2.169435e+00   3.238894e-04   3.018931e-05
  2.174597e+00   3.151690e-04   3.008678e-05
  2.179758e+00   3.036105e-04   2.976944e-05
  2.184920e+00   2.875639e-04   2.934251e-05
  2.190082e+00   2.896354e-04   2.912155e-05
  2.195244e+00   2.954146e-04   2.927625e-05
  2.200405e+00   2.493061e-04   2.911532e-05
  2.205567e+00   2.925137e-04   2.879416e-05
  2.210729e+00   3.045117e-04   2.887945e-05
  2.215891e+00   3.680969e-04   2.867806e-05
  2.221052e+00   2.646352e-04   2.842506e-05
  2.226214e+00   3.077129e-04   2.869267e-05
  2.231376e+00   2.469164e-04   2.842201e-05
  2.236538e+00   3.416263e-04   2.853142e-05
  2.241699e+00   2.492344e-04   2.852449e-05
  2.246861e+00   2.326319e-04   2.840846e-05
  2.252023e+00   2.695133e-04   2.815071e-05
  2.257185e+00   2.221853e-04   2.840798e-05
  2.262347e+00   3.097843e-04   2.813312e-05
  2.267508e+00   2.619496e-04   2.813444e-05
  2.272670e+00   2.492433e-04   2.829128e-05
  2.277832e+00   3.229300e-04   2.815046e-05
  2.282994e+00   2.848559e-04   2.816415e-05
  2.288155e+00   2.704549e-04   2.839336e-05
  2.293317e+00   2.636713e-04   2.803451e-05
  2.298479e+00   1.999201e-04   2.802961e-05
  2.303641e+00   3.088472e-04   2.820792e-05
  2.308802e+00   3.209214e-04   2.795631e-05
  2.313964e+00   2.555607e-04   2.789611e-05
  2.319126e+00   2.993915e-04   2.809774e-05
  2.324288e+00   2.594523e-04   2.781811e-05
  2.329449e+00   2.669039e-04   2.798851e-05
  2.334611e+00   2.523370e-04   2.803388e-05
  2.339773e+00   2.722035e-04   2.785868e-05
  2.344935e+00   2.235662e-04   2.784025e-05
  2.350096e+00   1.962661e-04   2.789696e-05
  2.355258e+00   2.249740e-04   2.762166e-05
  2.360420e+00   2.042153e-04   2.775822e-05
  2.365582e+00   2.357524e-04   2.783912e-05
  2.370744e+00   1.917422e-04   2.771872e-05
  2.375905e+00   2.657068e-04   2.767558e-05
  2.381067e+00   1.941095e-04   2.791127e-05
  2.386229e+00   2.622411e-04   2.755230e-05
  2.391391e+00   1.963737e-04   2.763762e-05
  2.396552e+00   2.057308e-04   2.775293e-05
  2.401714e+00   2.349723e-04   2.754288e-05
  2.406876e+00   2.115414e-04   2.757787e-05
  2.412038e+00   1.993149e-04   2.766212e-05
  2.417199e+00   2.528795e-04   2.742284e-05
  2.422361e+00   2.103309e-04   2.760658e-05
  2.427523e+00   2.121287e-04   2.760179e-05
  2.432685e+00   2.215890e-04   2.744714e-05
  2.437846e+00   2.480911e-04   2.733426e-05
  2.443008e+00   1.830710e-04   2.741277e-05
  2.448170e+00   2.357031e-04   2.718299e-05
  2.453332e+00   1.833267e-04   2.731244e-05
  2.458493e+00   1.909486e-04   2.723863e-05
  2.463655e+00   1.878281e-04   2.709446e-05
  2.468817e+00   2.157783e-04   2.715914e-05
  2.473979e+00   1.891642e-04   2.720670e-05
  2.479141e+00   2.230058e-04   2.696035e-05
  2.484302e+00   2.133124e-04   2.711838e-05
  2.489464e+00   2.217459e-04   2.706390e-05
  2.494626e+00   2.500458e-04   2.692987e-05
  2.499788e+00   2.316769e-04   2.700452e-05
  2.504949e+00   2.014938e-04   2.704811e-05
  2.510111e+00   1.714229e-04   2.689708e-05
  2.515273e+00   1.922399e-04   2.697832e-05
  2.520435e+00   1.747720e-04   2.708634e-05
  2.525596e+00   1.776953e-04   2.688789e-05
  2.530758e+00   2.045292e-04   2.691732e-05
  2.535920e+00   1.901416e-04   2.697460e-05
  2.541082e+00   2.033276e-04   2.681797e-05
  2.546243e+00   1.595371e-04   2.693652e-05
  2.551405e+00   1.705934e-04   2.684023e-05
  2.556567e+00   1.967324e-04   2.683531e-05
  2.561729e+00   1.820712e-04   2.691002e-05
  2.566890e+00   2.035338e-04   2.692984e-05
  2.572052e+00   1.287891e-04   2.702473e-05
  2.577214e+00   1.720237e-04   2.749098e-05
  2.582376e+00   2.024444e-04   2.781805e-05
  2.587538e+00   2.018526e-04   2.801046e-05
  2.592699e+00   1.924371e-04   2.808963e-05
  2.597861e+00   1.715574e-04   2.818042e-05
  2.603023e+00   1.408856e-04   2.756350e-05
  2.608185e+00   1.940736e-04   2.753034e-05
  2.613346e+00   1.624962e-04   2.750138e-05
  2.618508e+00   1.411188e-04   2.722243e-05
  2.623670e+00   2.093579e-04   2.727497e-05
  2.628832e+00   2.227816e-04   2.722579e-05
  2.633993e+00   1.726604e-04   2.701701e-05
  2.639155e+00   1.781212e-04   2.714523e-05
  2.644317e+00   1.789238e-04   2.718844e-05
  2.649479e+00   1.932532e-04   2.711438e-05
  2.654640e+00   1.919485e-04   2.717809e-05
  2.659802e+00   1.705934e-04   2.715645e-05
  2.664964e+00   1.903523e-04   2.701963e-05
  2.670126e+00   1.421410e-04   2.706729e-05
  2.675287e+00   1.942665e-04   2.709766e-05
  2.680449e+00   1.572594e-04   2.687546e-05
  2.685611e+00   2.371513e-04   2.704996e-05
  2.690773e+00   1.662803e-04   2.695549e-05
  2.695935e+00   1.241397e-04   2.692367e-05
  2.701096e+00   1.724810e-04   2.702345e-05
  2.706258e+00   1.712032e-04   2.699579e-05
  2.711420e+00   1.805469e-04   2.685711e-05
  2.716581e+00   1.354741e-04   2.689677e-05
  2.721743e+00   1.896349e-04   2.690618e-05
  2.726905e+00   1.450643e-04   2.677069e-05
  2.732067e+00   1.464094e-04   2.694180e-05
  2.737228e+00   1.512426e-04   2.682614e-05
  2.742390e+00   1.736826e-04   2.679271e-05
  2.747552e+00   1.206784e-04   2.686730e-05
  2.752714e+00   1.746734e-04   2.686041e-05
  2.757875e+00   1.985437e-04   2.676609e-05
  2.763037e+00   1.540582e-04   2.675773e-05
  2.768199e+00   1.616308e-04   2.669985e-05
  2.773361e+00   1.617296e-04   2.655218e-05
  2.778522e+00   1.697595e-04   2.672142e-05
  2.783684e+00   1.117472e-04   2.667812e-05
  2.788846e+00   1.020673e-04   2.653332e-05
  2.794008e+00   1.654643e-04   2.669541e-05
  2.799170e+00   1.086178e-04   2.668832e-05
  2.804331e+00   1.653477e-04   2.645174e-05
  2.809493e+00   1.428045e-04   2.662806e-05
  2.814655e+00   1.551343e-04   2.645122e-05
  2.819817e+00   1.461224e-04   2.634280e-05
  2.824978e+00   1.746106e-04   2.652526e-05
  2.830140e+00   1.725617e-04   2.643568e-05
  2.835302e+00   1.300176e-04   2.640999e-05
  2.840464e+00   1.506866e-04   2.654012e-05
  2.845625e+00   1.780271e-04   2.654831e-05
  2.850787e+00   1.705172e-04   2.640184e-05
  2.855949e+00   1.840171e-04   2.650512e-05
  2.861111e+00   1.651549e-04   2.646140e-05
  2.866272e+00   1.626621e-04   2.633911e-05
  2.871434e+00   1.402400e-04   2.656705e-05
  2.876596e+00   2.153569e-04   2.636662e-05
  2.881758e+00   1.714991e-04   2.637781e-05
  2.886919e+00   1.493953e-04   2.637463e-05
  2.892081e+00   1.733418e-04   2.640959e-05
  2.897243e+00   1.332368e-04   2.612516e-05
  2.902405e+00   1.425984e-04   2.630874e-05
  2.907567e+00   2.283950e-04   2.630702e-05
  2.912728e+00   1.670200e-04   2.613610e-05
  2.917890e+00   1.778119e-04   2.637627e-05
  2.923052e+00   1.332771e-04   2.619893e-05
  2.928214e+00   1.596312e-04   2.644935e-05
  2.933375e+00   1.010182e-04   2.698911e-05
  2.938537e+00   1.437372e-04   2.723311e-05
  2.943699e+00   1.605414e-04   2.742106e-05
  2.948861e+00   1.297441e-04   2.767800e-05
  2.954022e+00   1.373078e-04   2.768485e-05
  2.959184e+00   1.388501e-04   2.798371e-05
  2.964346e+00   1.331112e-04   2.817121e-05
  2.969508e+00   1.585731e-04   2.800857e-05
  2.974669e+00   1.622720e-04   2.833310e-05
  2.979831e+00   1.736781e-04   2.860049e-05
  2.984993e+00   1.430108e-04   2.849845e-05
  2.990155e+00   1.274888e-04   2.858348e-05
  2.995317e+00   1.249019e-04   2.845613e-05
  3.000478e+00   1.309636e-04   2.790754e-05
  3.005640e+00   1.644510e-04   2.758724e-05
  3.010802e+00   1.633436e-04   2.770973e-05
  3.015964e+00   1.112541e-04   2.729269e-05
  3.021125e+00   1.339362e-04   2.724785e-05
  3.026287e+00   1.246956e-04   2.732094e-05
  3.031449e+00   1.892897e-04   2.715605e-05
  3.036611e+00   1.428360e-04   2.696976e-05
  3.041772e+00   1.621196e-04   2.710155e-05
  3.046934e+00   1.645227e-04   2.702545e-05
  3.052096e+00   1.139172e-04   2.686122e-05
  3.057258e+00   8.008911e-05   2.695889e-05
  3.062419e+00   1.191406e-04   2.684966e-05
  3.067581e+00   1.707055e-04   2.682836e-05
  3.072743e+00   1.825779e-04   2.706846e-05
  3.077905e+00   1.475796e-04   2.680681e-05
  3.083066e+00   2.038387e-04   2.674592e-05
  3.088228e+00   1.285246e-04   2.696265e-05
  3.093390e+00   1.484717e-04   2.676266e-05
  3.098552e+00   1.258165e-04   2.669984e-05
  3.103714e+00   1.823089e-04   2.684628e-05
  3.108875e+00   1.326046e-04   2.659072e-05
  3.114037e+00   1.558202e-04   2.669422e-05
  3.119199e+00   8.053750e-05   2.685582e-05
  3.124361e+00   1.348733e-04   2.661388e-05
  3.129522e+00   1.700957e-04   2.660279e-05
  3.134684e+00   1.082725e-04   2.673162e-05
  3.139846e+00   2.172086e-04   2.639946e-05
  3.145008e+00   1.035872e-04   2.653233e-05
  3.150169e+00   1.565645e-04   2.649138e-05
  3.155331e+00   1.103977e-04   2.635048e-05
  3.160493e+00   1.128905e-04   2.635319e-05
  3.165655e+00   1.523590e-04   2.652797e-05
  3.170816e+00   1.458131e-04   2.624458e-05
  3.175978e+00   1.601558e-04   2.633910e-05
  3.181140e+00   1.686655e-04   2.632282e-05
  3.186302e+00   1.268925e-04   2.621271e-05
  3.191463e+00   8.339795e-05   2.627759e-05
  3.196625e+00   1.095413e-04   2.627065e-05
  3.201787e+00   8.254163e-05   2.617288e-05
  3.206949e+00   1.660606e-04   2.633771e-05
  3.212111e+00   1.330484e-04   2.634990e-05
  3.217272e+00   1.164370e-04   2.619880e-05
  3.222434e+00   1.050130e-04   2.630761e-05
  3.227596e+00   1.145853e-04   2.639634e-05
  3.232758e+00   1.266146e-04   2.623833e-05
  3.237919e+00   1.174458e-04   2.636477e-05
  3.243081e+00   1.421635e-04   2.629768e-05
  3.248243e+00   1.013634e-04   2.630993e-05
  3.253405e+00   1.383928e-04   2.636173e-05
  3.258566e+00   1.188536e-04   2.647224e-05
  3.263728e+00   1.172933e-04   2.617962e-05
  3.268890e+00   8.917269e-05   2.638003e-05
  3.274052e+00   1.223642e-04   2.636419e-05
  3.279213e+00   1.462838e-04   2.628719e-05
  3.284375e+00   1.247898e-04   2.634807e-05
  3.289537e+00   1.177955e-04   2.635980e-05
  3.294699e+00   1.362183e-04   2.625498e-05
  3.299860e+00   1.092364e-04   2.644579e-05
  3.305022e+00   9.562447e-05   2.641009e-05
  3.310184e+00   1.453423e-04   2.627400e-05
  3.315346e+00   1.189433e-04   2.640731e-05
  3.320507e+00   1.405225e-04   2.627928e-05
  3.325669e+00   1.043809e-04   2.635883e-05
  3.330831e+00   1.040715e-04   2.631893e-05
  3.335993e+00   1.246912e-04   2.630574e-05
  3.341154e+00   1.282825e-04   2.615133e-05
  3.346316e+00   1.139397e-04   2.633951e-05
  3.351478e+00   9.244565e-05   2.617991e-05
  3.356640e+00   1.156076e-04   2.621574e-05
  3.361801e+00   1.229292e-04   2.639472e-05
  3.366963e+00   1.582279e-04   2.621652e-05
  3.372125e+00   1.140787e-04   2.616437e-05
  3.377287e+00   1.015024e-04   2.629594e-05
  3.382448e+00   1.101735e-04   2.627180e-05
  3.387610e+00   1.623841e-04   2.630144e-05
  3.392772e+00   1.407198e-04   2.637287e-05
  3.397934e+00   1.741802e-04   2.628877e-05
  3.403095e+00   1.367294e-04   2.625419e-05
  3.408257e+00   1.185084e-04   2.659096e-05
  3.413419e+00   1.114693e-04   2.626424e-05
  3.418581e+00   1.249468e-04   2.625045e-05
  3.423743e+00   1.621555e-04   2.643754e-05
  3.428904e+00   1.390922e-04   2.630120e-05
  3.434066e+00   1.319141e-04   2.621514e-05
  3.439228e+00   8.624499e-05   2.647609e-05
  3.444390e+00   1.465439e-04   2.629454e-05
  3.449551e+00   1.442214e-04   2.626623e-05
  3.454713e+00   1.426611e-04   2.648643e-05
  3.459875e+00   1.191854e-04   2.634502e-05
  3.465037e+00   1.621016e-04   2.618710e-05
  3.470198e+00   1.151009e-04   2.645039e-05
  3.475360e+00   8.170770e-05   2.628610e-05
  3.480522e+00   9.841326e-05   2.622970e-05
  3.485684e+00   1.567932e-04   2.644787e-05
  3.490845e+00   1.278431e-04   2.624780e-05
  3.496007e+00   1.158855e-04   2.623806e-05
  3.501169e+00   1.187191e-04   2.652593e-05
  3.506331e+00   1.527042e-04   2.639224e-05
  3.511492e+00   1.144777e-04   2.619345e-05
  3.516654e+00   1.488573e-04   2.652616e-05
  3.521816e+00   1.206964e-04   2.631099e-05
  3.526978e+00   1.617743e-04   2.629930e-05
  3.532140e+00   1.301925e-04   2.646924e-05
  3.537301e+00   8.966594e-05   2.637708e-05
  3.542463e+00   1.027578e-04   2.630663e-05
  3.547625e+00   1.379490e-04   2.648813e-05
  3.552787e+00   8.087369e-05   2.636516e-05
  3.557948e+00   6.977701e-05   2.624104e-05
  3.563110e+00   1.061921e-04   2.651821e-05
  3.568272e+00   1.187191e-04   2.634221e-05
  3.573434e+00   1.426118e-04   2.620026e-05
  3.578595e+00   1.298203e-04   2.648193e-05
  3.583757e+00   1.357431e-04   2.626588e-05
  3.588919e+00   1.060621e-04   2.636180e-05
  3.594081e+00   1.083801e-04   2.641786e-05
  3.599242e+00   4.105111e-05   2.633879e-05
  3.604404e+00   1.051878e-04   2.619079e-05
  3.609566e+00   1.203960e-04   2.657342e-05
  3.614728e+00   7.639917e-05   2.622355e-05
  3.619889e+00   6.600637e-05   2.637572e-05
  3.625051e+00   1.341559e-04   2.641518e-05
  3.630213e+00   8.729409e-05   2.628127e-05
  3.635375e+00   1.264711e-04   2.639413e-05
  3.640537e+00   1.017759e-04   2.659012e-05
  3.645698e+00   1.113123e-04   2.628227e-05
  3.650860e+00   1.331471e-04   2.642897e-05
  3.656022e+00   9.092129e-05   2.648157e-05
  3.661184e+00   1.744941e-04   2.627890e-05
  3.666345e+00   1.397737e-04   2.648681e-05
  3.671507e+00   1.462927e-04   2.649377e-05
  3.676669e+00   1.188984e-04   2.633773e-05
  3.681831e+00   7.973939e-05   2.638524e-05
  3.686992e+00   8.952694e-05   2.648496e-05
  3.692154e+00   1.042284e-04   2.632911e-05
  3.697316e+00   1.382672e-04   2.643040e-05
  3.702478e+00   1.063221e-04   2.644370e-05
  3.707639e+00   1.225077e-04   2.643881e-05
  3.712801e+00   1.123435e-04   2.639377e-05
  3.717963e+00   1.240949e-04   2.644804e-05
  3.723125e+00   8.964796e-05   2.619038e-05
  3.728287e+00   1.250902e-04   2.650486e-05
  3.733448e+00   1.023184e-04   2.646022e-05
  3.738610e+00   9.918892e-05   2.636634e-05
  3.743772e+00   9.586211e-05   2.647954e-05
  3.748934e+00   9.275504e-05   2.690816e-05
  3.754095e+00   9.726545e-05   2.725692e-05
  3.759257e+00   1.207905e-04   2.775488e-05
  3.764419e+00   1.062639e-04   2.774662e-05
  3.769581e+00   1.221176e-04   2.807922e-05
  3.774742e+00   7.745729e-05   2.814686e-05
  3.779904e+00   1.438358e-04   2.818352e-05
  3.785066e+00   1.617340e-04   2.838897e-05
  3.790228e+00   6.915381e-05   2.856961e-05
  3.795389e+00   3.273866e-05   2.827209e-05
  3.800551e+00   1.569143e-04   2.856929e-05
  3.805713e+00   1.725124e-04   2.855452e-05
  3.810875e+00   9.913065e-05   2.855345e-05
  3.816036e+00   6.770114e-05   2.771599e-05
  3.821198e+00   1.047215e-04   2.770860e-05
  3.826360e+00   1.342949e-04   2.739978e-05
  3.831522e+00   9.866429e-05   2.719684e-05
  3.836684e+00   9.293441e-05   2.749740e-05
  3.841845e+00   9.776311e-05   2.724689e-05
  3.847007e+00   8.950005e-05   2.718782e-05
  3.852169e+00   1.127919e-04   2.732781e-05
  3.857331e+00   7.007293e-05   2.715531e-05
  3.862492e+00   7.257025e-05   2.700424e-05
  3.867654e+00   9.874952e-05   2.735041e-05
  3.872816e+00   7.821948e-05   2.725075e-05
  3.877978e+00   7.424260e-05   2.715273e-05
  3.883139e+00   1.615726e-04   2.744492e-05
  3.888301e+00   1.061518e-04   2.723266e-05
  3.893463e+00   7.274062e-05   2.703196e-05
  3.898625e+00   1.130116e-04   2.739770e-05
  3.903786e+00   1.150202e-04   2.709611e-05
  3.908948e+00   8.843740e-05   2.702020e-05
  3.914110e+00   1.078780e-04   2.728011e-05
  3.919272e+00   6.822124e-05   2.715839e-05
  3.924433e+00   1.020942e-04   2.696365e-05
  3.929595e+00   1.399306e-04   2.738439e-05
  3.934757e+00   1.306632e-04   2.724103e-05
  3.939919e+00   8.958071e-05   2.706492e-05
  3.945080e+00   9.837738e-05   2.735846e-05
  3.950242e+00   9.999596e-05   2.719076e-05
  3.955404e+00   7.013121e-05   2.708174e-05
  3.960566e+00   1.179480e-04   2.745666e-05
  3.965727e+00   1.257000e-04   2.727661e-05
  3.970889e+00   1.009150e-04   2.725560e-05
  3.976051e+00   5.022887e-05   2.746908e-05
  3.981213e+00   5.398158e-05   2.719219e-05
  3.986374e+00   9.829665e-05   2.730560e-05
  3.991536e+00   6.394396e-05   2.751535e-05
  3.996698e+00   9.970006e-05   2.722986e-05
  4.001860e+00   8.713269e-05   2.730069e-05
  4.007021e+00   8.346071e-05   2.748418e-05
  4.012183e+00   1.145808e-04   2.717649e-05
  4.017345e+00   8.654539e-05   2.754392e-05
  4.022507e+00   1.102184e-04   2.749945e-05
  4.027668e+00   8.101269e-05   2.737811e-05
  4.032830e+00   9.014563e-05   2.751679e-05
  4.037992e+00   1.395809e-04   2.754742e-05
  4.043154e+00   7.425605e-05   2.726413e-05
  4.048316e+00   9.448124e-05   2.748840e-05
  4.053477e+00   1.072189e-04   2.750775e-05
  4.058639e+00   1.192840e-04   2.741850e-05
  4.063801e+00   4.633717e-05   2.756999e-05
  4.068963e+00   1.354292e-04   2.748041e-05
  4.074124e+00   1.142804e-04   2.755416e-05
  4.079286e+00   1.176072e-04   2.766322e-05
  4.084448e+00   6.213261e-05   2.746414e-05
  4.089610e+00   1.210864e-04   2.757339e-05
  4.094771e+00   1.171319e-04   2.767754e-05
  4.099933e+00   8.945519e-05   2.748503e-05
  4.105095e+00   9.087643e-05   2.752885e-05
  4.110257e+00   1.218890e-04   2.775861e-05
  4.115418e+00   1.031748e-04   2.766662e-05
  4.120580e+00   6.726176e-05   2.763390e-05
  4.125742e+00   2.661866e-05   2.779220e-05
  4.130904e+00   1.460776e-04   2.759599e-05
  4.136065e+00   1.013903e-04   2.776045e-05
  4.141227e+00   1.119266e-04   2.786775e-05
  4.146389e+00   1.119490e-04   2.771013e-05
  4.151551e+00   1.437058e-04   2.774689e-05
  4.156713e+00   1.228978e-04   2.797721e-05
  4.161874e+00   4.829647e-05   2.768853e-05
  4.167036e+00   9.354860e-05   2.788447e-05
  4.172198e+00   1.120880e-04   2.803042e-05
  4.177360e+00   9.374595e-05   2.777566e-05
  4.182521e+00   1.042463e-04   2.787942e-05
  4.187683e+00   1.372809e-04   2.813460e-05
  4.192845e+00   1.145001e-04   2.779981e-05
  4.198007e+00   1.133164e-04   2.804341e-05
  4.203168e+00   1.036500e-04   2.813154e-05
  4.208330e+00   6.258545e-05   2.789685e-05
  4.213492e+00   7.500031e-05   2.803724e-05
  4.218654e+00   4.837718e-05   2.811308e-05
  4.223815e+00   6.319072e-05   2.789445e-05
  4.228977e+00   6.475996e-05   2.799295e-05
  4.234139e+00   1.121687e-04   2.820228e-05
  4.239301e+00   3.711457e-05   2.782890e-05
  4.244462e+00   7.432330e-05   2.808504e-05
  4.249624e+00   1.197234e-04   2.817105e-05
  4.254786e+00   1.097611e-04   2.790600e-05
  4.259948e+00   6.108347e-05   2.811310e-05
  4.265110e+00   1.121821e-04   2.826645e-05
  4.270271e+00   7.515723e-05   2.799761e-05
  4.275433e+00   9.770934e-05   2.889660e-05
  4.280595e+00   9.049088e-05   2.925190e-05
  4.285757e+00   1.012827e-04   2.964357e-05
  4.290918e+00   1.118907e-04   2.975717e-05
  4.296080e+00   9.527031e-05   2.999157e-05
  4.301242e+00   1.116396e-04   3.000072e-05
  4.306404e+00   8.983183e-05   3.000977e-05
  4.311565e+00   7.454299e-05   3.014207e-05
  4.316727e+00   5.208953e-05   3.028346e-05
  4.321889e+00   8.572486e-05   3.045130e-05
  4.327051e+00   5.481551e-05   3.050139e-05
  4.332212e+00   6.031678e-05   3.052529e-05
  4.337374e+00   1.321921e-04   3.074052e-05
  4.342536e+00   7.789667e-05   3.069450e-05
  4.347698e+00   1.780854e-04   3.092076e-05
  4.352859e+00   5.641613e-05   3.093808e-05
  4.358021e+00   7.778010e-05   3.115999e-05
  4.363183e+00   1.306632e-04   3.120646e-05
  4.368345e+00   1.326718e-04   3.132254e-05
  4.373507e+00   5.074896e-05   3.135658e-05
  4.378668e+00   6.467925e-05   3.134182e-05
  4.383830e+00   4.959669e-05   3.144287e-05
  4.388992e+00   6.084136e-05   3.146151e-05
  4.394154e+00   1.162218e-04   3.168131e-05
  4.399315e+00   8.486854e-05   3.155059e-05
  4.404477e+00   1.362362e-04   3.190990e-05
  4.409639e+00   6.999222e-05   3.178133e-05
  4.414801e+00   1.063311e-04   3.193915e-05
  4.419962e+00   1.017535e-04   3.209674e-05
  4.425124e+00   1.098193e-04   3.215564e-05
  4.430286e+00   7.287064e-05   3.215517e-05
  4.435448e+00   1.550177e-04   3.203645e-05
  4.440609e+00   4.549427e-05   3.230167e-05
  4.445771e+00   8.136693e-05   3.244510e-05
  4.450933e+00   7.748419e-05   3.256146e-05
  4.456095e+00   1.148184e-04   3.253881e-05
  4.461257e+00   6.545490e-05   3.261727e-05
  4.466418e+00   1.150292e-04   3.274028e-05
  4.471580e+00   8.787698e-05   3.281560e-05
  4.476742e+00   7.090687e-05   3.276959e-05
  4.481904e+00   7.852884e-05   3.276939e-05
  4.487065e+00   5.660444e-05   3.261199e-05
  4.492227e+00   9.881228e-05   3.273863e-05
  4.497389e+00   7.860506e-05   3.272217e-05
  4.502551e+00   5.209401e-05   3.290329e-05
  4.507712e+00   1.301835e-04   3.279871e-05
  4.512874e+00   9.401047e-05   3.288941e-05
  4.518036e+00   9.972695e-05   3.302158e-05
  4.523198e+00   1.078107e-04   3.281773e-05
  4.528359e+00   4.610851e-05   3.288237e-05
  4.533521e+00   1.034123e-04   3.281539e-05
  4.538683e+00   2.224722e-05   3.290793e-05
  4.543845e+00   7.910722e-05   3.288998e-05
  4.549006e+00   6.583600e-05   3.296101e-05
  4.554168e+00   6.736040e-05   3.272513e-05
  4.559330e+00   1.380027e-05   3.282942e-05
  4.564492e+00   8.302131e-05   3.290850e-05
  4.569654e+00   3.606095e-05   3.294359e-05
  4.574815e+00   1.305780e-04   3.281703e-05
  4.579977e+00   1.198490e-04   3.295857e-05
  4.585139e+00   9.709507e-05   3.279666e-05
  4.590301e+00   7.597772e-05   3.301913e-05
  4.595462e+00   1.165894e-04   3.292153e-05
  4.600624e+00   5.067722e-05   3.309990e-05
  4.605786e+00   1.050982e-04   3.309431e-05
  4.610948e+00   1.041208e-04   3.325721e-05
  4.616109e+00   7.989184e-05   3.342057e-05
  4.621271e+00   7.114448e-05   3.326694e-05
  4.626433e+00   1.438851e-04   3.334521e-05
  4.631595e+00   2.501356e-05   3.353039e-05
  4.636756e+00   2.784714e-05   3.357196e-05
  4.641918e+00   3.212442e-05   3.370032e-05
  4.647080e+00   8.246538e-05   3.378055e-05
  4.652242e+00   3.436169e-05   3.390878e-05
  4.657403e+00   1.025515e-04   3.389774e-05
  4.662565e+00   1.049682e-04   3.428545e-05
  4.667727e+00   9.557520e-05   3.430641e-05
  4.672889e+00   7.119381e-05   3.415849e-05
  4.678051e+00   4.103766e-05   3.430263e-05
  4.683212e+00   1.050578e-04   3.446370e-05
  4.688374e+00   1.058380e-04   3.469654e-05
  4.693536e+00   1.181901e-04   3.469671e-05
  4.698698e+00   2.819237e-05   3.477529e-05
  4.703859e+00   6.161253e-05   3.491158e-05
  4.709021e+00   4.093005e-05   3.516708e-05
  4.714183e+00   1.418586e-04   3.518942e-05
  4.719345e+00   5.017506e-05   3.531512e-05
  4.724506e+00   8.744208e-05   3.542848e-05
  4.729668e+00   5.486483e-05   3.543349e-05
  4.734830e+00   6.604224e-05   3.566348e-05
  4.739992e+00   4.932320e-05   3.565123e-05
  4.745153e+00   1.154462e-04   3.577574e-05
  4.750315e+00   1.310309e-04   3.613322e-05
  4.755477e+00   9.960135e-05   3.600994e-05
  4.760639e+00   8.357732e-05   3.630008e-05
  4.765800e+00   5.016610e-05   3.655301e-05
  4.770962e+00   1.051117e-04   3.630072e-05
  4.776124e+00   5.971151e-05   3.648822e-05
  4.781286e+00   1.487363e-04   3.662142e-05
  4.786448e+00   6.528453e-05   3.672383e-05
  4.791609e+00   3.226789e-05   3.685082e-05
  4.796771e+00   1.473643e-04   3.706600e-05
  4.801933e+00   5.185190e-05   3.707387e-05
  4.807095e+00   4.080452e-05   3.728386e-05
  4.812256e+00   1.134017e-04   3.729752e-05
  4.817418e+00   2.170472e-05   3.762796e-05
  4.822580e+00   7.168699e-05   3.745437e-05
  4.827742e+00   1.601961e-05   3.764565e-05
  4.832903e+00   1.168764e-04   3.772714e-05
  4.838065e+00   5.061894e-05   3.777114e-05
  4.843227e+00   6.309209e-05   3.801477e-05
  4.848388e+00   5.396364e-05   3.815870e-05
  4.853550e+00   8.756310e-05   3.835614e-05
  4.858712e+00   8.638399e-05   3.836844e-05
  4.863873e+00  -1.345056e-06   3.861937e-05
  4.869035e+00   1.090123e-04   3.871403e-05
  4.874197e+00   1.429480e-04   3.869403e-05
  4.879359e+00   1.486690e-04   3.882221e-05
  4.884521e+00   9.346794e-05   3.890165e-05
  4.889682e+00   1.551074e-04   3.891612e-05
  4.894844e+00   9.317654e-05   3.880030e-05
  4.900006e+00   5.839784e-05   3.906808e-05
  4.905168e+00   7.304101e-05   3.916397e-05
  4.910329e+00   9.752106e-05   3.935762e-05
  4.915491e+00   2.319325e-05   4.001132e-05
  4.920653e+00   5.032302e-05   3.959454e-05
  4.925815e+00   3.830719e-05   3.992994e-05
  4.930976e+00   1.013455e-04   4.018027e-05
  4.936138e+00   3.572916e-05   4.019844e-05
  4.941300e+00   8.030877e-05   4.051757e-05
  4.946462e+00   3.337084e-05   4.084606e-05
  4.951623e+00   1.184680e-04   4.100744e-05
  4.956785e+00   4.922904e-06   4.120031e-05
  4.961947e+00   6.817191e-05   4.139159e-05
  4.967109e+00   1.851290e-04   4.200369e-05
  4.972270e+00   6.565218e-05   4.171413e-05
  4.977432e+00   1.117517e-04   4.194079e-05
  4.982594e+00   3.077488e-05   4.214680e-05
  4.987756e+00   2.407201e-05   4.241834e-05
  4.992918e+00   1.033586e-04   4.255023e-05
  4.998079e+00   3.205716e-05   4.271397e-05
  5.003241e+00   4.715318e-05   4.313384e-05
  5.008403e+00   5.968462e-05   4.323332e-05
  5.013565e+00   1.098731e-04   4.352213e-05
  5.018726e+00   5.543872e-05   4.393886e-05
  5.023888e+00   7.926863e-05   4.386446e-05
  5.029050e+00   5.676136e-05   4.394294e-05
  5.034212e+00  -2.376265e-05   4.409809e-05
  5.039373e+00   9.094818e-05   4.448774e-05
  5.044535e+00   6.809569e-05   4.467978e-05
  5.049697e+00  -1.231174e-05   4.423237e-05
  5.054859e+00   4.260689e-05   4.487653e-05
  5.060020e+00   5.470342e-05   4.530668e-05
  5.065182e+00   8.014292e-05   4.592545e-05
  5.070344e+00   7.864094e-06   4.654893e-05
  5.075506e+00   8.276578e-05   4.671424e-05
  5.080667e+00   1.262156e-04   4.739681e-05
  5.085829e+00   9.224839e-05   4.759597e-05
  5.090991e+00   7.917447e-05   4.831857e-05
  5.096153e+00   7.830915e-05   4.858149e-05
  5.101315e+00   2.330982e-05   4.899420e-05
  5.106476e+00   4.643133e-05   4.980464e-05
  5.111638e+00  -1.367474e-06   5.043489e-05
  5.116800e+00   8.063164e-05   5.151667e-05
  5.121962e+00   9.828324e-05   5.164307e-05
  5.127123e+00  -5.304004e-06   5.210307e-05
  5.132285e+00   1.142401e-05   5.262504e-05
  5.137447e+00   4.492038e-05   5.321028e-05
  5.142609e+00   9.761969e-05   5.461232e-05
  5.147770e+00   4.587986e-05   5.594571e-05
  5.152932e+00   1.166478e-04   5.663923e-05
  5.158094e+00   7.662335e-05   5.788488e-05
  5.163256e+00   1.169616e-04   5.863600e-05
  5.168417e+00   5.042614e-05   6.132607e-05
  5.173579e+00   8.424086e-05   6.449175e-05
  5.178741e+00   8.446052e-05   6.474812e-05
  5.183903e+00   8.132656e-05   6.614671e-05
  5.189065e+00   8.915929e-05   6.653839e-05
  5.194226e+00   1.404731e-04   7.096542e-05
  5.199388e+00  -2.623307e-05   7.428824e-05
  5.204550e+00   2.106806e-05   7.869940e-05
  5.209712e+00   7.972146e-05   1.131047e-04
range-from: 1
range-to: 1000
Buffer: NaP
Code: TipAS_NaP
Concentration: 1.79
Measurement Temperature (degrees C): 25.0
Storage Temperature (degrees C): 25.0
datop-operation: /media/alessandra/TOSHIBA_EXT/Post-Doc/DAbramo/TipAS/20230120_BM29/TipAStrend_25deg_sc/sub_001.dat DIV 1.79
range-from: 1
range-to: 1000
parent: TipAS_NaP_25deg_1-2_ave_sub.dat
creator: datop
creator-version: v0.4 (r12314)
datop-operation: TipAS_NaP_25deg_1-2_ave_sub.dat MUL 0.00080255
