Sample description: 
Sample:   c= 0 mg/ml  Code: 
Parent(s): TipAS_1.96mgml-1_30degBack_sub_ave_cm-1.dat
  1.146921e-01   1.639742e-02   2.342423e-03
  1.274356e-01   1.971122e-02   1.682894e-03
  1.401790e-01   1.765396e-02   1.573732e-03
  1.529224e-01   1.535936e-02   1.357827e-03
  1.656658e-01   1.642574e-02   1.222642e-03
  1.784092e-01   1.320484e-02   1.191074e-03
  1.911525e-01   1.741585e-02   1.049813e-03
  2.038957e-01   1.465783e-02   1.053362e-03
  2.166390e-01   1.654625e-02   9.245143e-04
  2.293821e-01   1.529622e-02   9.011112e-04
  2.421253e-01   1.388895e-02   8.351031e-04
  2.548683e-01   1.685454e-02   7.969046e-04
  2.676113e-01   1.603948e-02   7.526087e-04
  2.803543e-01   1.508625e-02   6.881648e-04
  2.930972e-01   1.339253e-02   6.661362e-04
  3.058400e-01   1.400831e-02   6.136235e-04
  3.185828e-01   1.415790e-02   5.943801e-04
  3.313255e-01   1.223117e-02   5.523730e-04
  3.440681e-01   1.395734e-02   5.350367e-04
  3.568106e-01   1.314077e-02   5.271403e-04
  3.695531e-01   1.269799e-02   4.899237e-04
  3.822955e-01   1.158621e-02   4.766826e-04
  3.950378e-01   1.098994e-02   4.622872e-04
  4.077800e-01   1.134214e-02   4.424023e-04
  4.205221e-01   1.249107e-02   4.582456e-04
  4.332641e-01   1.138379e-02   4.216105e-04
  4.460061e-01   1.142347e-02   4.384826e-04
  4.587479e-01   1.045570e-02   4.103239e-04
  4.714896e-01   1.031481e-02   4.043379e-04
  4.842313e-01   1.003655e-02   4.053946e-04
  4.969728e-01   9.624423e-03   3.850519e-04
  5.097142e-01   9.629847e-03   3.871306e-04
  5.224555e-01   9.151020e-03   3.676368e-04
  5.351967e-01   9.379750e-03   3.714408e-04
  5.479378e-01   9.925969e-03   3.683293e-04
  5.606787e-01   8.931883e-03   3.520602e-04
  5.734196e-01   9.076796e-03   3.562281e-04
  5.861603e-01   8.366786e-03   3.400670e-04
  5.989008e-01   8.408505e-03   3.419178e-04
  6.116413e-01   7.466199e-03   3.346889e-04
  6.243816e-01   8.576163e-03   3.247972e-04
  6.371217e-01   7.344230e-03   3.292231e-04
  6.498618e-01   8.203638e-03   3.145612e-04
  6.626017e-01   6.677342e-03   3.164338e-04
  6.753414e-01   7.260760e-03   3.063179e-04
  6.880810e-01   7.094888e-03   3.087530e-04
  7.008204e-01   6.376505e-03   3.016286e-04
  7.135597e-01   6.573923e-03   2.900148e-04
  7.262988e-01   6.760332e-03   2.955039e-04
  7.390378e-01   6.463811e-03   2.877152e-04
  7.517766e-01   6.434413e-03   2.879975e-04
  7.645153e-01   6.183480e-03   2.834738e-04
  7.772537e-01   6.633571e-03   2.791083e-04
  7.899920e-01   6.312255e-03   2.773259e-04
  8.027302e-01   5.383168e-03   2.655976e-04
  8.154681e-01   5.216255e-03   2.693050e-04
  8.282059e-01   5.301602e-03   2.620159e-04
  8.409435e-01   5.583240e-03   2.608749e-04
  8.536809e-01   4.999644e-03   2.622807e-04
  8.664181e-01   4.702654e-03   2.521137e-04
  8.791551e-01   4.979945e-03   2.547543e-04
  8.918920e-01   4.391969e-03   2.441230e-04
  9.046286e-01   4.384075e-03   2.460650e-04
  9.173650e-01   4.262035e-03   2.428979e-04
  9.301013e-01   4.444214e-03   2.422064e-04
  9.428373e-01   3.979065e-03   2.364366e-04
  9.555731e-01   3.887515e-03   2.348309e-04
  9.683087e-01   3.821531e-03   2.339548e-04
  9.810441e-01   3.436366e-03   2.297222e-04
  9.937793e-01   4.098724e-03   2.294648e-04
  1.006514e+00   3.320603e-03   2.313988e-04
  1.019249e+00   2.911060e-03   2.177766e-04
  1.031984e+00   3.704588e-03   2.227402e-04
  1.044718e+00   3.046645e-03   2.229267e-04
  1.057452e+00   3.120580e-03   2.257137e-04
  1.070186e+00   2.554699e-03   2.291355e-04
  1.082919e+00   2.994711e-03   2.228882e-04
  1.095653e+00   2.869439e-03   2.261122e-04
  1.108386e+00   2.878841e-03   2.210327e-04
  1.121119e+00   3.314828e-03   2.270394e-04
  1.133851e+00   2.782697e-03   2.220687e-04
  1.146584e+00   2.392891e-03   2.200560e-04
  1.159316e+00   2.575583e-03   2.264651e-04
  1.172048e+00   2.434792e-03   2.158445e-04
  1.184779e+00   2.686422e-03   2.257395e-04
  1.197511e+00   2.255886e-03   2.230235e-04
  1.210242e+00   2.449894e-03   2.281669e-04
  1.222973e+00   2.524403e-03   2.328624e-04
  1.235703e+00   2.394179e-03   2.274106e-04
  1.248433e+00   1.643206e-03   2.297646e-04
  1.261163e+00   2.068326e-03   2.271076e-04
  1.273893e+00   1.844118e-03   2.304707e-04
  1.286623e+00   2.082070e-03   2.323461e-04
  1.299352e+00   2.021253e-03   2.299950e-04
  1.312081e+00   1.407764e-03   2.351431e-04
  1.324809e+00   2.078105e-03   2.287635e-04
  1.337538e+00   1.126267e-03   2.241566e-04
  1.350266e+00   1.426931e-03   2.168582e-04
  1.362993e+00   1.542314e-03   2.180636e-04
  1.375721e+00   1.427004e-03   2.194627e-04
  1.388448e+00   1.368410e-03   2.149092e-04
  1.401175e+00   1.746223e-03   2.275566e-04
  1.413901e+00   1.244995e-03   2.202964e-04
  1.426627e+00   1.624088e-03   2.257630e-04
  1.439353e+00   1.220440e-03   2.273347e-04
  1.452079e+00   1.423176e-03   2.258513e-04
  1.464804e+00   9.713658e-04   2.302973e-04
  1.477529e+00   1.016817e-03   2.250585e-04
  1.490254e+00   1.269249e-03   2.262520e-04
  1.502978e+00   1.701187e-03   2.326194e-04
  1.515702e+00   1.808660e-03   2.246390e-04
  1.528425e+00   1.480436e-03   2.339347e-04
  1.541149e+00   1.471069e-03   2.251916e-04
  1.553872e+00   1.664433e-03   2.310284e-04
  1.566594e+00   9.521429e-04   2.239727e-04
  1.579317e+00   8.738204e-04   2.238463e-04
  1.592038e+00   1.091615e-03   2.310934e-04
  1.604760e+00   1.318988e-03   2.276127e-04
  1.617481e+00   1.560732e-03   2.292927e-04
  1.630202e+00   9.382816e-04   2.298389e-04
  1.642923e+00   1.152593e-03   2.216219e-04
  1.655643e+00   5.331102e-04   2.208057e-04
  1.668362e+00   8.783551e-04   2.228934e-04
  1.681082e+00   8.451474e-04   2.141860e-04
  1.693801e+00   1.036582e-03   2.116488e-04
  1.706520e+00   6.151097e-04   2.092912e-04
  1.719238e+00   1.160361e-03   2.044243e-04
  1.731956e+00   9.775265e-04   2.035285e-04
  1.744673e+00   6.396765e-04   2.045798e-04
  1.757390e+00   7.490342e-04   2.018576e-04
  1.770107e+00   4.514086e-04   1.984484e-04
  1.782824e+00   2.471463e-04   1.931576e-04
  1.795540e+00   5.358434e-04   1.960341e-04
  1.808255e+00   3.530411e-04   1.920769e-04
  1.820970e+00   2.380621e-04   1.886323e-04
  1.833685e+00   8.370418e-04   1.942152e-04
  1.846400e+00   4.355677e-04   1.877791e-04
  1.859113e+00   5.249934e-04   1.907694e-04
  1.871827e+00  -6.733388e-05   1.875999e-04
  1.884540e+00   7.583628e-04   1.853247e-04
  1.897253e+00   6.339000e-04   1.862294e-04
  1.909965e+00   4.401549e-04   1.826103e-04
  1.922677e+00   5.591005e-04   1.842991e-04
  1.935389e+00   2.364728e-04   1.830217e-04
  1.948100e+00   1.425239e-04   1.813300e-04
  1.960810e+00   5.397056e-04   1.810527e-04
  1.973521e+00   3.999415e-04   1.778357e-04
  1.986230e+00   2.803294e-04   1.793973e-04
  1.998940e+00   3.054398e-04   1.768841e-04
  2.011649e+00   5.194551e-04   1.782732e-04
  2.024357e+00   5.196755e-04   1.750833e-04
  2.037065e+00   5.304847e-05   1.744457e-04
  2.049773e+00   7.759082e-04   1.736625e-04
  2.062480e+00   2.657397e-04   1.737699e-04
  2.075187e+00   4.111641e-04   1.744613e-04
  2.087893e+00  -5.357250e-05   1.727148e-04
  2.100599e+00   3.453063e-04   1.729371e-04
  2.113304e+00  -1.174506e-05   1.733627e-04
  2.126009e+00   4.355885e-04   1.706724e-04
  2.138713e+00   6.083689e-04   1.727272e-04
  2.151417e+00   2.649621e-05   1.683680e-04
  2.164121e+00   5.154036e-04   1.708876e-04
  2.176824e+00   6.029041e-05   1.684914e-04
  2.189526e+00   9.733566e-05   1.676838e-04
  2.202228e+00   2.757284e-05   1.702604e-04
  2.214930e+00   1.998445e-04   1.647178e-04
  2.227631e+00   3.793570e-04   1.693815e-04
  2.240331e+00   2.987757e-04   1.665449e-04
  2.253031e+00   1.282016e-04   1.687523e-04
  2.265731e+00   1.987222e-04   1.685182e-04
  2.278430e+00   4.906007e-04   1.654386e-04
  2.291128e+00   1.886097e-04   1.672796e-04
  2.303827e+00   5.959403e-04   1.663320e-04
  2.316524e+00   4.320963e-04   1.648520e-04
  2.329221e+00   3.423099e-04   1.647957e-04
  2.341918e+00   3.595597e-04   1.626228e-04
  2.354614e+00   1.274969e-04   1.628379e-04
  2.367309e+00   2.278113e-04   1.628805e-04
  2.380004e+00   1.711507e-04   1.624620e-04
  2.392699e+00   6.345878e-05   1.604570e-04
  2.405393e+00   4.009261e-04   1.633384e-04
  2.418086e+00   1.905091e-05   1.611305e-04
  2.430779e+00   4.336263e-04   1.598167e-04
  2.443472e+00   2.283649e-04   1.618862e-04
  2.456163e+00   1.173391e-04   1.592706e-04
  2.468855e+00   2.323318e-04   1.618195e-04
  2.481545e+00   7.137939e-04   1.610143e-04
  2.494236e+00   3.528166e-04   1.587537e-04
  2.506925e+00   1.462256e-04   1.595755e-04
  2.519614e+00   2.078043e-04   1.589320e-04
  2.532303e+00   2.056376e-04   1.572691e-04
  2.544991e+00   2.861514e-04   1.587352e-04
  2.557679e+00  -1.364585e-05   1.579037e-04
  2.570366e+00   2.307602e-04   1.594929e-04
  2.583052e+00   1.379646e-04   1.560908e-04
  2.595738e+00   3.250471e-04   1.562220e-04
  2.608423e+00   2.874735e-04   1.569149e-04
  2.621108e+00   1.709620e-05   1.548587e-04
  2.633792e+00   1.577597e-05   1.574181e-04
  2.646475e+00  -3.141438e-04   1.527034e-04
  2.659158e+00   2.666876e-04   1.568858e-04
  2.671840e+00   2.178699e-04   1.535709e-04
  2.684522e+00  -6.237143e-05   1.523833e-04
  2.697203e+00   1.420949e-04   1.545013e-04
  2.709884e+00   4.396335e-05   1.509123e-04
  2.722564e+00   4.842316e-04   1.556184e-04
  2.735243e+00   3.457359e-04   1.525485e-04
  2.747922e+00   9.809923e-05   1.522340e-04
  2.760600e+00  -7.030515e-06   1.498571e-04
  2.773278e+00  -3.720548e-05   1.520520e-04
  2.785955e+00   1.971682e-04   1.536580e-04
  2.798631e+00   6.177469e-05   1.506293e-04
  2.811307e+00   2.784793e-04   1.521135e-04
  2.823982e+00   1.400048e-04   1.500537e-04
  2.836657e+00   3.472460e-04   1.497426e-04
  2.849331e+00   2.471174e-04   1.528636e-04
  2.862004e+00   2.510994e-05   1.483128e-04
  2.874677e+00  -4.234775e-05   1.514340e-04
  2.887349e+00   1.125532e-05   1.475051e-04
  2.900020e+00   5.224158e-04   1.501170e-04
  2.912691e+00   2.250200e-04   1.483580e-04
  2.925361e+00  -5.441112e-05   1.480468e-04
  2.938031e+00   7.118842e-05   1.497306e-04
  2.950700e+00   2.208533e-06   1.463619e-04
  2.963368e+00   2.938436e-04   1.492841e-04
  2.976035e+00   5.952337e-04   1.492619e-04
  2.988702e+00  -3.842187e-05   1.464998e-04
  3.001369e+00   2.823276e-05   1.480542e-04
  3.014034e+00  -3.344530e-05   1.449424e-04
  3.026699e+00   9.641546e-05   1.481955e-04
  3.039364e+00   1.899340e-04   1.458177e-04
  3.052027e+00   3.496610e-05   1.449533e-04
  3.064690e+00  -1.464922e-04   1.446992e-04
  3.077353e+00   1.045062e-04   1.450615e-04
  3.090014e+00   2.547756e-04   1.456724e-04
  3.102675e+00   1.427387e-04   1.427453e-04
  3.115336e+00   5.603056e-05   1.445926e-04
  3.127995e+00   3.600145e-05   1.448290e-04
  3.140654e+00  -3.731031e-05   1.436280e-04
  3.153312e+00   2.895994e-06   1.453271e-04
  3.165970e+00  -5.903628e-05   1.409623e-04
  3.178627e+00   6.639490e-05   1.442211e-04
  3.191283e+00   1.607036e-04   1.429543e-04
  3.203939e+00  -7.887337e-05   1.436781e-04
  3.216593e+00   1.947836e-04   1.440560e-04
  3.229248e+00   2.403632e-04   1.403320e-04
  3.241901e+00  -1.498922e-04   1.422946e-04
  3.254554e+00   1.302860e-04   1.417327e-04
  3.267206e+00   2.568636e-04   1.436202e-04
  3.279857e+00   4.446931e-04   1.438432e-04
  3.292507e+00   3.028599e-04   1.410040e-04
  3.305157e+00   1.336177e-05   1.423492e-04
  3.317806e+00   1.924463e-04   1.398249e-04
  3.330455e+00   5.498526e-04   1.432037e-04
  3.343103e+00  -2.391534e-04   1.392435e-04
  3.355749e+00  -1.764977e-04   1.386941e-04
  3.368396e+00   2.951452e-04   1.405321e-04
  3.381041e+00   1.823815e-04   1.396461e-04
  3.393686e+00   2.779369e-04   1.392897e-04
  3.406330e+00   2.132188e-04   1.396689e-04
  3.418973e+00   1.777732e-04   1.395449e-04
  3.431616e+00  -2.455163e-04   1.386797e-04
  3.444258e+00   7.821281e-05   1.388695e-04
  3.456899e+00   2.316606e-04   1.391091e-04
  3.469539e+00   1.138531e-04   1.383230e-04
  3.482179e+00  -6.973444e-05   1.385594e-04
  3.494817e+00   1.828622e-04   1.388263e-04
  3.507455e+00   8.729020e-05   1.365642e-04
  3.520093e+00   3.264945e-04   1.382122e-04
  3.532729e+00  -2.845275e-05   1.350577e-04
  3.545365e+00   6.306184e-04   1.395274e-04
  3.558000e+00   5.044844e-04   1.374838e-04
  3.570634e+00   5.099018e-05   1.379435e-04
  3.583267e+00   5.496250e-05   1.366389e-04
  3.595900e+00  -1.654826e-04   1.350980e-04
  3.608532e+00   4.274767e-04   1.384356e-04
  3.621163e+00   5.992827e-06   1.346291e-04
  3.633793e+00   3.124655e-05   1.371432e-04
  3.646423e+00   3.415098e-04   1.361488e-04
  3.659051e+00  -2.015928e-04   1.337586e-04
  3.671679e+00   3.602717e-04   1.363757e-04
  3.684307e+00   7.708291e-05   1.346835e-04
  3.696933e+00  -1.397824e-04   1.351605e-04
  3.709558e+00   2.077220e-04   1.343201e-04
  3.722183e+00  -2.676221e-05   1.338427e-04
  3.734807e+00   4.338121e-05   1.376149e-04
  3.747430e+00  -6.783898e-05   1.363657e-04
  3.760052e+00   2.088951e-05   1.391584e-04
  3.772674e+00   1.858894e-04   1.389260e-04
  3.785294e+00   3.525786e-04   1.419841e-04
  3.797914e+00   3.264626e-04   1.423565e-04
  3.810533e+00   5.980128e-06   1.430625e-04
  3.823152e+00   1.788841e-04   1.433956e-04
  3.835769e+00  -1.930734e-04   1.404386e-04
  3.848385e+00   1.040369e-04   1.447998e-04
  3.861001e+00   9.826949e-05   1.430721e-04
  3.873616e+00   2.038870e-04   1.439402e-04
  3.886230e+00  -1.320673e-04   1.449152e-04
  3.898843e+00  -1.248627e-04   1.427426e-04
  3.911455e+00   3.884610e-04   1.463360e-04
  3.924067e+00  -1.404645e-04   1.445438e-04
  3.936678e+00   4.140046e-04   1.456328e-04
  3.949287e+00  -8.144061e-05   1.448037e-04
  3.961896e+00   2.342296e-04   1.436921e-04
  3.974504e+00   4.298937e-04   1.463535e-04
  3.987112e+00  -9.067260e-05   1.420561e-04
  3.999718e+00   3.643412e-04   1.466853e-04
  4.012323e+00   1.391749e-04   1.437366e-04
  4.024928e+00   2.076795e-04   1.448931e-04
  4.037532e+00   1.822266e-04   1.449404e-04
  4.050135e+00   1.177470e-05   1.434207e-04
  4.062737e+00  -2.191921e-04   1.498744e-04
  4.075338e+00   3.311134e-04   1.514331e-04
  4.087938e+00   4.558773e-04   1.522121e-04
  4.100537e+00  -1.307619e-04   1.549173e-04
  4.113136e+00   2.912134e-04   1.522586e-04
  4.125733e+00  -7.887214e-05   1.563262e-04
  4.138330e+00   3.707632e-04   1.553291e-04
  4.150926e+00   5.970020e-04   1.601933e-04
  4.163521e+00  -2.535623e-04   1.577435e-04
  4.176115e+00   8.096969e-05   1.597582e-04
  4.188708e+00   7.273158e-04   1.643565e-04
  4.201300e+00   1.335617e-04   1.592148e-04
  4.213891e+00   4.653832e-04   1.656409e-04
  4.226482e+00  -2.334652e-04   1.590466e-04
  4.239071e+00   6.260194e-05   1.607444e-04
  4.251660e+00   2.577061e-04   1.645790e-04
  4.264247e+00   4.249294e-04   1.645256e-04
  4.276834e+00   1.411183e-04   1.632990e-04
  4.289420e+00   3.723676e-05   1.631813e-04
  4.302005e+00   3.082366e-04   1.656278e-04
  4.314589e+00   4.655121e-05   1.654949e-04
  4.327172e+00   1.611790e-04   1.615643e-04
  4.339754e+00  -1.715304e-04   1.663284e-04
  4.352335e+00   7.971082e-05   1.621134e-04
  4.364915e+00   2.396813e-04   1.687491e-04
  4.377494e+00   1.254147e-05   1.649864e-04
  4.390073e+00   2.529590e-04   1.656063e-04
  4.402650e+00   5.002112e-05   1.676935e-04
  4.415227e+00  -3.639608e-04   1.625860e-04
  4.427802e+00   4.566227e-04   1.701196e-04
  4.440376e+00   3.128929e-04   1.666634e-04
  4.452950e+00   4.065899e-04   1.688888e-04
  4.465523e+00   4.042359e-04   1.702662e-04
  4.478094e+00   3.239589e-04   1.665464e-04
  4.490665e+00  -1.804024e-04   1.682068e-04
  4.503235e+00   2.662578e-04   1.668791e-04
  4.515803e+00  -3.554727e-04   1.667064e-04
  4.528371e+00   2.262995e-04   1.705977e-04
  4.540938e+00  -1.509118e-04   1.652679e-04
  4.553504e+00   2.804953e-04   1.713863e-04
  4.566069e+00  -2.505995e-04   1.648165e-04
  4.578632e+00   1.312043e-04   1.725803e-04
  4.591195e+00  -9.864311e-05   1.686633e-04
  4.603757e+00   2.820601e-04   1.723981e-04
  4.616318e+00   5.591184e-04   1.738641e-04
  4.628878e+00  -7.125230e-05   1.678930e-04
  4.641437e+00   7.920235e-05   1.723757e-04
  4.653995e+00   2.535714e-04   1.708964e-04
  4.666552e+00   2.107631e-04   1.726527e-04
  4.679108e+00   4.957596e-04   1.740381e-04
  4.691662e+00  -1.011241e-04   1.701517e-04
  4.704216e+00   3.297076e-04   1.724860e-04
  4.716769e+00   7.271944e-05   1.719004e-04
  4.729321e+00  -7.951847e-05   1.738169e-04
  4.741872e+00   3.715499e-04   1.725796e-04
  4.754422e+00   1.598967e-04   1.726993e-04
  4.766970e+00  -2.168367e-04   1.713180e-04
  4.779518e+00   1.656823e-04   1.711017e-04
  4.792065e+00   1.400328e-04   1.725515e-04
  4.804611e+00   4.874431e-05   1.699390e-04
  4.817155e+00   2.841368e-04   1.733211e-04
  4.829699e+00   2.555520e-05   1.727495e-04
  4.842242e+00  -3.207331e-05   1.706580e-04
  4.854783e+00   3.178133e-04   1.756412e-04
  4.867324e+00   4.945036e-04   1.721576e-04
  4.879863e+00   3.824935e-04   1.751390e-04
  4.892402e+00   7.446000e-06   1.747836e-04
  4.904939e+00   1.463912e-04   1.747394e-04
  4.917475e+00   3.523049e-05   1.755531e-04
  4.930011e+00   4.226783e-04   1.778928e-04
  4.942545e+00  -7.969153e-05   1.852437e-04
  4.955078e+00   1.096943e-04   1.864192e-04
  4.967610e+00   2.713025e-04   1.905748e-04
  4.980141e+00  -1.019760e-04   1.958824e-04
  4.992671e+00  -6.792755e-04   1.911329e-04
  5.005200e+00   3.323104e-04   2.032529e-04
  5.017728e+00  -1.780316e-05   1.972243e-04
  5.030255e+00  -1.194861e-04   2.023746e-04
  5.042781e+00  -3.044305e-05   2.065076e-04
  5.055305e+00   3.400633e-04   2.072310e-04
  5.067829e+00  -2.543048e-04   2.077977e-04
  5.080351e+00  -1.479547e-04   2.006831e-04
  5.092872e+00   6.271724e-04   2.137500e-04
  5.105393e+00   3.149243e-04   2.113960e-04
  5.117912e+00   1.019729e-04   2.113979e-04
  5.130430e+00   2.611199e-04   2.153365e-04
  5.142947e+00   3.128029e-04   2.107498e-04
  5.155463e+00  -3.389517e-04   2.148791e-04
  5.167978e+00  -6.899536e-05   2.155792e-04
  5.180491e+00  -2.498957e-05   2.156794e-04
  5.193004e+00   3.693446e-04   2.216050e-04
  5.205515e+00   2.493438e-06   2.188246e-04
  5.218026e+00   5.648638e-04   2.240727e-04
  5.230535e+00  -4.181634e-05   2.193449e-04
  5.243043e+00   3.130197e-04   2.280969e-04
  5.255550e+00  -2.382637e-04   2.297749e-04
  5.268056e+00   1.343252e-04   2.311385e-04
  5.280561e+00   2.917803e-04   2.367395e-04
  5.293064e+00   6.791653e-06   2.291092e-04
  5.305567e+00  -5.181311e-04   2.338567e-04
  5.318068e+00   1.193976e-04   2.383829e-04
  5.330568e+00   4.534967e-04   2.412153e-04
  5.343067e+00  -1.877501e-04   2.381853e-04
  5.355565e+00   3.476042e-04   2.449240e-04
  5.368062e+00  -2.604515e-04   2.487736e-04
  5.380558e+00  -1.313759e-05   2.470922e-04
  5.393052e+00   3.300322e-05   2.501710e-04
  5.405546e+00   5.592679e-04   2.549123e-04
  5.418038e+00   5.886872e-05   2.595251e-04
  5.430529e+00   2.416419e-05   2.588192e-04
  5.443019e+00   5.253837e-04   2.535953e-04
  5.455507e+00  -3.699108e-04   2.667586e-04
  5.467995e+00  -4.891494e-04   2.619007e-04
  5.480481e+00  -3.427409e-04   2.663188e-04
  5.492967e+00   4.204710e-04   2.737310e-04
  5.505451e+00   4.027365e-04   2.692971e-04
  5.517934e+00   4.231708e-04   2.854598e-04
  5.530415e+00   1.402295e-03   2.845631e-04
  5.542896e+00   2.145429e-04   2.856973e-04
  5.555375e+00   6.704556e-04   2.890217e-04
  5.567853e+00  -9.022357e-05   2.786177e-04
  5.580330e+00  -7.046668e-04   2.916627e-04
  5.592806e+00  -4.362365e-05   2.864780e-04
  5.605281e+00   4.904536e-04   3.053805e-04
  5.617754e+00  -3.438271e-04   3.042038e-04
  5.630226e+00   8.680607e-04   3.111413e-04
  5.642697e+00  -2.093342e-04   3.225156e-04
  5.655167e+00   7.297969e-05   3.089090e-04
  5.667636e+00  -4.929090e-04   3.226963e-04
  5.680103e+00  -4.374168e-04   3.168187e-04
  5.692570e+00  -2.436648e-04   3.249303e-04
  5.705035e+00  -1.153749e-05   3.405827e-04
  5.717498e+00  -1.618436e-06   3.230490e-04
  5.729961e+00   1.554201e-04   3.495759e-04
  5.742422e+00  -4.898668e-04   3.462156e-04
  5.754882e+00   4.995380e-05   3.440059e-04
  5.767341e+00   1.693139e-05   3.597162e-04
  5.779799e+00   9.444439e-04   3.535858e-04
  5.792255e+00  -2.373408e-04   3.600465e-04
  5.804711e+00   3.674419e-04   3.643941e-04
  5.817165e+00   3.961857e-04   3.753649e-04
  5.829617e+00   6.788250e-05   3.925541e-04
  5.842069e+00   6.411061e-04   3.811560e-04
  5.854519e+00  -8.207464e-06   4.005659e-04
  5.866968e+00   5.786051e-04   4.042372e-04
  5.879416e+00  -9.705311e-04   3.999287e-04
  5.891863e+00  -2.100146e-04   4.195857e-04
  5.904308e+00  -9.842602e-05   4.142753e-04
  5.916752e+00   6.065786e-04   4.314082e-04
  5.929195e+00   4.797921e-04   4.385148e-04
  5.941636e+00   6.079801e-04   4.510746e-04
  5.954077e+00  -1.401585e-04   4.456478e-04
  5.966516e+00   4.438030e-04   4.817318e-04
  5.978954e+00   1.051734e-04   4.653869e-04
  5.991390e+00   1.439858e-04   4.924872e-04
  6.003825e+00   3.050596e-04   5.063490e-04
  6.016259e+00  -6.950582e-04   5.182832e-04
  6.028692e+00   9.884898e-04   5.455888e-04
  6.041123e+00   2.136268e-04   5.497418e-04
  6.053554e+00   3.604070e-04   5.664107e-04
  6.065982e+00   7.994316e-04   5.906607e-04
  6.078410e+00   1.441462e-04   6.288842e-04
  6.090836e+00  -5.071744e-04   6.157806e-04
  6.103261e+00   1.164487e-03   6.689541e-04
  6.115685e+00   7.880592e-04   6.735077e-04
  6.128107e+00   1.354139e-03   7.366107e-04
  6.140528e+00  -8.358750e-04   7.947051e-04
  6.152948e+00  -5.449423e-04   7.625684e-04
  6.165367e+00   6.378403e-04   8.483046e-04
  6.177784e+00  -2.365038e-04   8.531031e-04
  6.190200e+00  -2.795393e-04   9.339383e-04
  6.202615e+00   1.238170e-04   9.641816e-04
  6.215028e+00  -8.362628e-04   9.363903e-04
  6.227440e+00   8.702434e-04   1.076012e-03
  6.239851e+00   1.406285e-03   1.035843e-03
  6.252260e+00   1.303335e-03   1.236651e-03
  6.264668e+00  -1.407974e-03   1.233209e-03
  6.277075e+00  -1.387394e-05   1.335980e-03
  6.289480e+00  -9.874776e-04   1.408106e-03
  6.301884e+00  -3.101979e-03   1.342414e-03
  6.314287e+00   5.930806e-03   2.246015e-03
  6.326688e+00   4.514826e-03   2.923251e-03
range-from: 1
range-to: 493
Date                                              2022-05-01 22: 51:40
Date                                              2022-05-02 01: 31:14
HeaderID                                          EH: 000000:000000:000000
Parent(s): TipAS_1.96mgml-1_30degBack_sub_ave_cm-1.dat
creator: datop
creator-version: v0.4 (r12736)
datop-operation: TipAS_1.96mgml-1_30degBack_sub_ave_cm-1.dat DIV 1.96
parent: TipAS_1.96mgml-1_30degBack_sub_ave_cm-1.dat
range-from: 1
range-to: 493
