Sample description: 
Sample:   c= 0 mg/ml  Code: 
Parent(s): TipAS_1.96mgml-1_30deg_sub_ave_cm-1.dat
  1.146921e-01   1.537350e-02   2.332865e-03
  1.274356e-01   2.122697e-02   1.693432e-03
  1.401790e-01   1.874641e-02   1.581785e-03
  1.529224e-01   1.465442e-02   1.352157e-03
  1.656658e-01   1.667424e-02   1.224257e-03
  1.784092e-01   1.567896e-02   1.211469e-03
  1.911525e-01   1.748896e-02   1.050121e-03
  2.038957e-01   1.523424e-02   1.057775e-03
  2.166390e-01   1.804315e-02   9.358296e-04
  2.293821e-01   1.721397e-02   9.163066e-04
  2.421253e-01   1.467004e-02   8.410929e-04
  2.548683e-01   1.509624e-02   7.827444e-04
  2.676113e-01   1.611690e-02   7.530663e-04
  2.803543e-01   1.470336e-02   6.848913e-04
  2.930972e-01   1.415180e-02   6.724821e-04
  3.058400e-01   1.450048e-02   6.176990e-04
  3.185828e-01   1.417452e-02   5.943811e-04
  3.313255e-01   1.357764e-02   5.643418e-04
  3.440681e-01   1.275535e-02   5.244357e-04
  3.568106e-01   1.335577e-02   5.289255e-04
  3.695531e-01   1.409972e-02   5.020718e-04
  3.822955e-01   1.281124e-02   4.874828e-04
  3.950378e-01   1.143807e-02   4.661514e-04
  4.077800e-01   1.277294e-02   4.546119e-04
  4.205221e-01   1.199302e-02   4.537260e-04
  4.332641e-01   1.159272e-02   4.232890e-04
  4.460061e-01   1.160451e-02   4.399516e-04
  4.587479e-01   1.045211e-02   4.101953e-04
  4.714896e-01   1.075255e-02   4.079547e-04
  4.842313e-01   1.031953e-02   4.077167e-04
  4.969728e-01   9.669378e-03   3.853283e-04
  5.097142e-01   1.049588e-02   3.943042e-04
  5.224555e-01   9.177036e-03   3.677644e-04
  5.351967e-01   1.026189e-02   3.786171e-04
  5.479378e-01   9.761255e-03   3.668915e-04
  5.606787e-01   9.268046e-03   3.546546e-04
  5.734196e-01   8.637031e-03   3.525302e-04
  5.861603e-01   8.777015e-03   3.432320e-04
  5.989008e-01   8.282077e-03   3.408136e-04
  6.116413e-01   7.813388e-03   3.374308e-04
  6.243816e-01   8.116474e-03   3.211236e-04
  6.371217e-01   7.849811e-03   3.332435e-04
  6.498618e-01   8.389102e-03   3.158874e-04
  6.626017e-01   6.211163e-03   3.126244e-04
  6.753414e-01   7.566740e-03   3.086008e-04
  6.880810e-01   7.046163e-03   3.082979e-04
  7.008204e-01   6.833383e-03   3.051350e-04
  7.135597e-01   6.638566e-03   2.904323e-04
  7.262988e-01   7.165490e-03   2.985461e-04
  7.390378e-01   6.350500e-03   2.867888e-04
  7.517766e-01   6.887429e-03   2.913805e-04
  7.645153e-01   6.357189e-03   2.847055e-04
  7.772537e-01   6.461117e-03   2.777427e-04
  7.899920e-01   5.852199e-03   2.737939e-04
  8.027302e-01   5.572138e-03   2.669388e-04
  8.154681e-01   5.330668e-03   2.700980e-04
  8.282059e-01   5.829969e-03   2.659043e-04
  8.409435e-01   5.846724e-03   2.627606e-04
  8.536809e-01   5.004061e-03   2.622529e-04
  8.664181e-01   4.445722e-03   2.502068e-04
  8.791551e-01   5.158745e-03   2.560142e-04
  8.918920e-01   4.898072e-03   2.476843e-04
  9.046286e-01   4.867483e-03   2.495853e-04
  9.173650e-01   5.012571e-03   2.483108e-04
  9.301013e-01   4.407050e-03   2.418800e-04
  9.428373e-01   4.174699e-03   2.377915e-04
  9.555731e-01   4.210389e-03   2.370753e-04
  9.683087e-01   4.342420e-03   2.376615e-04
  9.810441e-01   3.502003e-03   2.301423e-04
  9.937793e-01   4.277460e-03   2.306934e-04
  1.006514e+00   3.193570e-03   2.304210e-04
  1.019249e+00   3.288599e-03   2.204043e-04
  1.031984e+00   3.797398e-03   2.233477e-04
  1.044718e+00   3.061323e-03   2.229815e-04
  1.057452e+00   3.308051e-03   2.270276e-04
  1.070186e+00   2.800087e-03   2.309293e-04
  1.082919e+00   2.641609e-03   2.202535e-04
  1.095653e+00   3.009310e-03   2.271293e-04
  1.108386e+00   2.694407e-03   2.196479e-04
  1.121119e+00   3.118628e-03   2.255122e-04
  1.133851e+00   2.330902e-03   2.186330e-04
  1.146584e+00   2.806807e-03   2.231141e-04
  1.159316e+00   2.190332e-03   2.234891e-04
  1.172048e+00   2.805752e-03   2.185289e-04
  1.184779e+00   2.526285e-03   2.244605e-04
  1.197511e+00   2.395954e-03   2.240548e-04
  1.210242e+00   2.759758e-03   2.305394e-04
  1.222973e+00   2.503410e-03   2.326383e-04
  1.235703e+00   2.582511e-03   2.288497e-04
  1.248433e+00   2.206728e-03   2.343173e-04
  1.261163e+00   2.001006e-03   2.265102e-04
  1.273893e+00   2.468411e-03   2.354530e-04
  1.286623e+00   2.033478e-03   2.318862e-04
  1.299352e+00   1.959243e-03   2.294325e-04
  1.312081e+00   1.297395e-03   2.341488e-04
  1.324809e+00   1.575288e-03   2.246098e-04
  1.337538e+00   1.591535e-03   2.279469e-04
  1.350266e+00   1.745018e-03   2.193689e-04
  1.362993e+00   2.017028e-03   2.218203e-04
  1.375721e+00   1.237078e-03   2.178667e-04
  1.388448e+00   2.055544e-03   2.205022e-04
  1.401175e+00   1.646598e-03   2.266668e-04
  1.413901e+00   1.662425e-03   2.236601e-04
  1.426627e+00   1.671938e-03   2.261105e-04
  1.439353e+00   1.498158e-03   2.296441e-04
  1.452079e+00   1.276120e-03   2.245580e-04
  1.464804e+00   1.160608e-03   2.318671e-04
  1.477529e+00   1.085140e-03   2.255895e-04
  1.490254e+00   1.508816e-03   2.282387e-04
  1.502978e+00   1.539656e-03   2.311703e-04
  1.515702e+00   1.627383e-03   2.230312e-04
  1.528425e+00   1.141551e-03   2.308714e-04
  1.541149e+00   1.376902e-03   2.243280e-04
  1.553872e+00   1.367467e-03   2.283608e-04
  1.566594e+00   1.397732e-03   2.278125e-04
  1.579317e+00   1.304196e-03   2.275925e-04
  1.592038e+00   9.166658e-04   2.294885e-04
  1.604760e+00   1.028387e-03   2.250465e-04
  1.617481e+00   8.689413e-04   2.231929e-04
  1.630202e+00   8.142316e-04   2.286994e-04
  1.642923e+00   1.390174e-03   2.236562e-04
  1.655643e+00   1.215034e-03   2.267521e-04
  1.668362e+00   6.787526e-04   2.210912e-04
  1.681082e+00   8.721015e-04   2.143657e-04
  1.693801e+00   1.202051e-03   2.129889e-04
  1.706520e+00   5.533092e-04   2.087315e-04
  1.719238e+00   1.662227e-03   2.083806e-04
  1.731956e+00   1.227506e-03   2.054824e-04
  1.744673e+00   6.108301e-04   2.043018e-04
  1.757390e+00   4.019434e-04   1.990613e-04
  1.770107e+00   5.294209e-04   1.990278e-04
  1.782824e+00   7.384133e-05   1.917328e-04
  1.795540e+00   7.436321e-04   1.976313e-04
  1.808255e+00   6.782857e-04   1.945898e-04
  1.820970e+00   6.180719e-04   1.915328e-04
  1.833685e+00   5.234158e-04   1.917195e-04
  1.846400e+00   8.219658e-04   1.907097e-04
  1.859113e+00   6.018566e-04   1.913157e-04
  1.871827e+00   2.022068e-04   1.896282e-04
  1.884540e+00   8.512214e-04   1.859858e-04
  1.897253e+00   4.140797e-04   1.845197e-04
  1.909965e+00   5.692056e-04   1.835428e-04
  1.922677e+00   4.324814e-04   1.832973e-04
  1.935389e+00   4.228483e-04   1.843708e-04
  1.948100e+00  -7.263750e-05   1.796849e-04
  1.960810e+00   7.326092e-04   1.824441e-04
  1.973521e+00   5.204832e-04   1.786679e-04
  1.986230e+00   4.088252e-04   1.803134e-04
  1.998940e+00   7.451944e-04   1.800059e-04
  2.011649e+00   4.659101e-04   1.778392e-04
  2.024357e+00   6.537536e-04   1.760188e-04
  2.037065e+00   3.043408e-05   1.742401e-04
  2.049773e+00   6.591367e-04   1.727864e-04
  2.062480e+00   2.666069e-04   1.737364e-04
  2.075187e+00   1.151999e-04   1.722816e-04
  2.087893e+00  -4.561971e-05   1.727329e-04
  2.100599e+00   3.146843e-04   1.726801e-04
  2.113304e+00   2.896708e-04   1.754710e-04
  2.126009e+00   3.405574e-04   1.699633e-04
  2.138713e+00   3.424194e-04   1.707847e-04
  2.151417e+00   7.483571e-04   1.734511e-04
  2.164121e+00   3.589766e-04   1.697464e-04
  2.176824e+00   2.691304e-05   1.682136e-04
  2.189526e+00   2.906773e-04   1.689997e-04
  2.202228e+00  -1.477743e-05   1.699207e-04
  2.214930e+00   2.419011e-04   1.649715e-04
  2.227631e+00   2.172648e-04   1.681933e-04
  2.240331e+00   1.639257e-04   1.655582e-04
  2.253031e+00   2.937407e-04   1.698677e-04
  2.265731e+00   2.593748e-04   1.688993e-04
  2.278430e+00   3.521709e-04   1.644472e-04
  2.291128e+00   2.898976e-04   1.679411e-04
  2.303827e+00   6.147388e-04   1.664234e-04
  2.316524e+00   3.625958e-04   1.643385e-04
  2.329221e+00   2.595925e-04   1.641829e-04
  2.341918e+00   7.279393e-04   1.651258e-04
  2.354614e+00   1.398524e-04   1.628860e-04
  2.367309e+00   2.088819e-04   1.627146e-04
  2.380004e+00   2.128277e-04   1.627085e-04
  2.392699e+00   5.208520e-04   1.635644e-04
  2.405393e+00   2.105963e-04   1.620022e-04
  2.418086e+00   2.247047e-04   1.625222e-04
  2.430779e+00   4.406387e-04   1.598270e-04
  2.443472e+00  -4.053185e-05   1.600264e-04
  2.456163e+00   1.344722e-04   1.593508e-04
  2.468855e+00   6.258347e-05   1.606286e-04
  2.481545e+00   5.108878e-04   1.596186e-04
  2.494236e+00   6.353230e-04   1.605974e-04
  2.506925e+00   3.756399e-04   1.610827e-04
  2.519614e+00   1.304590e-04   1.583797e-04
  2.532303e+00   2.950520e-04   1.578319e-04
  2.544991e+00  -3.132132e-05   1.565702e-04
  2.557679e+00  -4.514379e-05   1.576577e-04
  2.570366e+00   3.985526e-04   1.605710e-04
  2.583052e+00   2.427434e-04   1.567441e-04
  2.595738e+00   1.469494e-04   1.550128e-04
  2.608423e+00   9.562179e-05   1.556157e-04
  2.621108e+00   3.767532e-04   1.572081e-04
  2.633792e+00  -4.795709e-05   1.569583e-04
  2.646475e+00   4.818213e-05   1.550271e-04
  2.659158e+00  -1.353274e-05   1.549887e-04
  2.671840e+00   1.184747e-04   1.528848e-04
  2.684522e+00   1.210599e-04   1.535660e-04
  2.697203e+00   1.147749e-05   1.536145e-04
  2.709884e+00   3.034585e-04   1.525636e-04
  2.722564e+00   3.767761e-04   1.548811e-04
  2.735243e+00   3.959742e-04   1.528385e-04
  2.747922e+00   8.091934e-05   1.520879e-04
  2.760600e+00   5.054812e-04   1.531343e-04
  2.773278e+00   9.908408e-05   1.528979e-04
  2.785955e+00   2.550080e-04   1.539970e-04
  2.798631e+00   1.848691e-04   1.513833e-04
  2.811307e+00   4.041154e-04   1.528849e-04
  2.823982e+00   2.657312e-04   1.508194e-04
  2.836657e+00   4.885435e-04   1.506177e-04
  2.849331e+00  -2.032753e-04   1.499440e-04
  2.862004e+00   2.164868e-04   1.494914e-04
  2.874677e+00  -5.942985e-05   1.512903e-04
  2.887349e+00   3.751491e-04   1.497834e-04
  2.900020e+00   2.213744e-04   1.481682e-04
  2.912691e+00   2.282466e-04   1.483445e-04
  2.925361e+00   1.613494e-04   1.493768e-04
  2.938031e+00   2.741769e-04   1.509769e-04
  2.950700e+00   1.653822e-05   1.464190e-04
  2.963368e+00   4.096513e-04   1.499822e-04
  2.976035e+00  -7.483179e-05   1.450585e-04
  2.988702e+00  -2.653180e-05   1.465409e-04
  3.001369e+00  -1.068115e-04   1.471659e-04
  3.014034e+00   3.841309e-05   1.453554e-04
  3.026699e+00   1.435127e-06   1.475628e-04
  3.039364e+00   3.948092e-06   1.446259e-04
  3.052027e+00   2.306239e-04   1.461435e-04
  3.064690e+00   1.148057e-04   1.463024e-04
  3.077353e+00   1.044534e-05   1.444566e-04
  3.090014e+00   2.221036e-04   1.454330e-04
  3.102675e+00   3.052026e-04   1.437062e-04
  3.115336e+00   1.375492e-04   1.450678e-04
  3.127995e+00  -7.401541e-05   1.441214e-04
  3.140654e+00  -4.853082e-05   1.435269e-04
  3.153312e+00   1.143328e-04   1.459810e-04
  3.165970e+00   8.954153e-05   1.418419e-04
  3.178627e+00  -9.449403e-06   1.437206e-04
  3.191283e+00   3.552447e-04   1.441093e-04
  3.203939e+00  -5.183459e-05   1.438103e-04
  3.216593e+00   1.466017e-04   1.437302e-04
  3.229248e+00   8.566107e-05   1.393726e-04
  3.241901e+00   9.686607e-05   1.437695e-04
  3.254554e+00   2.023715e-04   1.421371e-04
  3.267206e+00   1.369263e-04   1.428648e-04
  3.279857e+00   3.491365e-04   1.432357e-04
  3.292507e+00   3.783970e-05   1.393998e-04
  3.305157e+00  -2.465641e-04   1.407364e-04
  3.317806e+00   1.910828e-04   1.397849e-04
  3.330455e+00   2.634166e-04   1.414419e-04
  3.343103e+00  -6.100071e-05   1.402802e-04
  3.355749e+00   2.656591e-04   1.413148e-04
  3.368396e+00  -7.087520e-05   1.383072e-04
  3.381041e+00   1.604104e-04   1.394845e-04
  3.393686e+00   3.748957e-04   1.398360e-04
  3.406330e+00   1.318870e-04   1.391573e-04
  3.418973e+00   2.800490e-04   1.401247e-04
  3.431616e+00  -2.418273e-04   1.386706e-04
  3.444258e+00   1.622023e-04   1.393315e-04
  3.456899e+00   5.348403e-05   1.380295e-04
  3.469539e+00   8.507730e-06   1.376787e-04
  3.482179e+00   5.875281e-05   1.392874e-04
  3.494817e+00   1.571698e-04   1.386442e-04
  3.507455e+00   8.761883e-05   1.365349e-04
  3.520093e+00   5.514781e-04   1.394935e-04
  3.532729e+00   2.202976e-05   1.353213e-04
  3.545365e+00   3.841878e-04   1.380577e-04
  3.558000e+00   2.847809e-04   1.361814e-04
  3.570634e+00  -5.149173e-05   1.373123e-04
  3.583267e+00   8.912204e-05   1.368071e-04
  3.595900e+00  -9.490811e-05   1.354763e-04
  3.608532e+00  -1.994220e-04   1.348018e-04
  3.621163e+00  -8.269837e-05   1.340856e-04
  3.633793e+00  -2.931424e-04   1.352345e-04
  3.646423e+00   2.086928e-04   1.353508e-04
  3.659051e+00   2.552924e-04   1.363595e-04
  3.671679e+00   3.804097e-04   1.364611e-04
  3.684307e+00   2.933778e-05   1.343820e-04
  3.696933e+00   9.512332e-05   1.364803e-04
  3.709558e+00   1.351418e-04   1.338749e-04
  3.722183e+00   1.115925e-04   1.346053e-04
  3.734807e+00   4.252505e-05   1.375784e-04
  3.747430e+00  -5.780230e-05   1.363938e-04
  3.760052e+00   4.147839e-04   1.414682e-04
  3.772674e+00   1.971209e-04   1.389606e-04
  3.785294e+00   4.282142e-04   1.424055e-04
  3.797914e+00   3.552528e-04   1.424959e-04
  3.810533e+00  -1.041697e-04   1.423661e-04
  3.823152e+00   1.242004e-04   1.430312e-04
  3.835769e+00   3.367999e-04   1.435991e-04
  3.848385e+00   5.241990e-05   1.444542e-04
  3.861001e+00  -7.609388e-05   1.419794e-04
  3.873616e+00   8.595163e-05   1.431836e-04
  3.886230e+00   1.560495e-04   1.466561e-04
  3.898843e+00   1.220031e-04   1.442132e-04
  3.911455e+00   5.316694e-04   1.471814e-04
  3.924067e+00  -1.477486e-04   1.444668e-04
  3.936678e+00   4.553603e-04   1.458522e-04
  3.949287e+00   1.173946e-04   1.460084e-04
  3.961896e+00   5.970388e-05   1.425998e-04
  3.974504e+00   3.651064e-04   1.459182e-04
  3.987112e+00   7.730934e-05   1.430515e-04
  3.999718e+00   8.164883e-05   1.449122e-04
  4.012323e+00   1.820023e-04   1.439670e-04
  4.024928e+00   1.150909e-04   1.442914e-04
  4.037532e+00   2.946109e-04   1.456038e-04
  4.050135e+00  -7.227561e-05   1.428717e-04
  4.062737e+00  -3.190007e-04   1.492092e-04
  4.075338e+00  -1.192817e-05   1.492182e-04
  4.087938e+00   2.530795e-04   1.508728e-04
  4.100537e+00   7.606026e-05   1.562367e-04
  4.113136e+00   3.335738e-04   1.524992e-04
  4.125733e+00   9.838408e-05   1.574627e-04
  4.138330e+00   2.272227e-04   1.543430e-04
  4.150926e+00   1.328252e-04   1.570816e-04
  4.163521e+00   2.903862e-04   1.613617e-04
  4.176115e+00  -2.588877e-04   1.574488e-04
  4.188708e+00   3.142652e-04   1.615203e-04
  4.201300e+00   2.575428e-04   1.600137e-04
  4.213891e+00   2.776237e-04   1.643170e-04
  4.226482e+00   1.100683e-04   1.613314e-04
  4.239071e+00   2.087088e-04   1.617166e-04
  4.251660e+00  -7.124862e-06   1.627020e-04
  4.264247e+00   2.405345e-04   1.632419e-04
  4.276834e+00   3.414408e-04   1.646470e-04
  4.289420e+00   1.000414e-04   1.635709e-04
  4.302005e+00   1.694666e-04   1.646306e-04
  4.314589e+00  -2.642031e-05   1.649505e-04
  4.327172e+00   4.024571e-04   1.631927e-04
  4.339754e+00  -9.000969e-05   1.668625e-04
  4.352335e+00  -4.096173e-05   1.612374e-04
  4.364915e+00   1.423309e-04   1.680333e-04
  4.377494e+00  -2.453578e-04   1.631526e-04
  4.390073e+00   3.642880e-04   1.663382e-04
  4.402650e+00  -2.979358e-05   1.670927e-04
  4.415227e+00   6.466918e-05   1.655114e-04
  4.427802e+00   2.431837e-04   1.685876e-04
  4.440376e+00   1.021035e-04   1.651655e-04
  4.452950e+00   4.868721e-04   1.694127e-04
  4.465523e+00   3.447347e-04   1.698114e-04
  4.478094e+00   3.903394e-04   1.669691e-04
  4.490665e+00  -1.158205e-04   1.686210e-04
  4.503235e+00   4.387505e-04   1.680360e-04
  4.515803e+00   2.797638e-04   1.711783e-04
  4.528371e+00  -1.798992e-04   1.676741e-04
  4.540938e+00   1.279954e-04   1.671777e-04
  4.553504e+00   1.856021e-04   1.706777e-04
  4.566069e+00  -1.756067e-04   1.653121e-04
  4.578632e+00   2.725060e-04   1.735383e-04
  4.591195e+00   6.895327e-05   1.698015e-04
  4.603757e+00  -4.258285e-05   1.700839e-04
  4.616318e+00   1.252094e-04   1.707482e-04
  4.628878e+00   1.388541e-04   1.693185e-04
  4.641437e+00   5.594077e-06   1.718093e-04
  4.653995e+00   1.531693e-04   1.701676e-04
  4.666552e+00   2.377095e-04   1.728042e-04
  4.679108e+00   5.282566e-04   1.742290e-04
  4.691662e+00  -2.154838e-04   1.693039e-04
  4.704216e+00   2.215217e-04   1.716827e-04
  4.716769e+00  -1.015634e-04   1.706442e-04
  4.729321e+00  -6.447776e-05   1.738848e-04
  4.741872e+00   1.892645e-04   1.712476e-04
  4.754422e+00  -1.430719e-04   1.705001e-04
  4.766970e+00   3.911190e-05   1.731283e-04
  4.779518e+00   1.187831e-04   1.707337e-04
  4.792065e+00   1.405901e-04   1.725162e-04
  4.804611e+00   6.065520e-04   1.738368e-04
  4.817155e+00   1.417955e-04   1.722598e-04
  4.829699e+00  -3.946772e-05   1.722390e-04
  4.842242e+00  -1.099897e-04   1.700628e-04
  4.854783e+00   3.267894e-04   1.756658e-04
  4.867324e+00   4.833742e-04   1.720411e-04
  4.879863e+00   1.189287e-04   1.731976e-04
  4.892402e+00  -7.671429e-05   1.741443e-04
  4.904939e+00   3.648728e-07   1.736524e-04
  4.917475e+00  -2.530022e-04   1.734344e-04
  4.930011e+00   1.227955e-04   1.756735e-04
  4.942545e+00   1.027774e-04   1.866147e-04
  4.955078e+00   1.164519e-04   1.864295e-04
  4.967610e+00   1.625297e-04   1.896818e-04
  4.980141e+00  -8.289954e-05   1.959925e-04
  4.992671e+00  -6.897265e-04   1.910066e-04
  5.005200e+00   2.316140e-04   2.023883e-04
  5.017728e+00  -1.583925e-04   1.960461e-04
  5.030255e+00  -1.908318e-04   2.017316e-04
  5.042781e+00  -3.905373e-04   2.034024e-04
  5.055305e+00  -3.460594e-04   2.014831e-04
  5.067829e+00  -1.403900e-04   2.087441e-04
  5.080351e+00  -9.329291e-05   2.010870e-04
  5.092872e+00   3.191297e-04   2.110753e-04
  5.105393e+00   1.153902e-04   2.096153e-04
  5.117912e+00   1.351136e-04   2.116366e-04
  5.130430e+00  -8.595872e-05   2.122251e-04
  5.142947e+00   3.287457e-04   2.108376e-04
  5.155463e+00   3.092255e-05   2.180910e-04
  5.167978e+00   1.000652e-04   2.170084e-04
  5.180491e+00   1.599315e-05   2.159926e-04
  5.193004e+00   7.398969e-04   2.248299e-04
  5.205515e+00   5.967689e-05   2.192811e-04
  5.218026e+00   5.052284e-04   2.234746e-04
  5.230535e+00   1.754589e-04   2.212378e-04
  5.243043e+00   2.512855e-04   2.274820e-04
  5.255550e+00   1.122188e-04   2.329214e-04
  5.268056e+00   1.860794e-04   2.315712e-04
  5.280561e+00   2.140555e-04   2.359561e-04
  5.293064e+00  -1.116104e-05   2.288910e-04
  5.305567e+00  -5.185036e-04   2.338001e-04
  5.318068e+00   3.332597e-05   2.374992e-04
  5.330568e+00   6.892041e-04   2.434496e-04
  5.343067e+00  -5.837276e-05   2.394143e-04
  5.355565e+00   3.276067e-04   2.446736e-04
  5.368062e+00  -1.828977e-04   2.495047e-04
  5.380558e+00   3.538140e-04   2.506752e-04
  5.393052e+00   2.849983e-04   2.526417e-04
  5.405546e+00   5.242908e-05   2.496950e-04
  5.418038e+00   4.896884e-07   2.588604e-04
  5.430529e+00   5.781082e-04   2.646383e-04
  5.443019e+00   2.423088e-04   2.506066e-04
  5.455507e+00  -4.852075e-04   2.654749e-04
  5.467995e+00   1.783935e-04   2.689480e-04
  5.480481e+00   1.957937e-04   2.721963e-04
  5.492967e+00   9.602939e-05   2.700617e-04
  5.505451e+00   6.521577e-04   2.718870e-04
  5.517934e+00  -3.444688e-05   2.802985e-04
  5.530415e+00   5.416556e-04   2.750933e-04
  5.542896e+00   4.580486e-04   2.884111e-04
  5.555375e+00   4.919738e-04   2.868999e-04
  5.567853e+00   2.943584e-05   2.799474e-04
  5.580330e+00   1.508877e-04   3.018190e-04
  5.592806e+00   2.832278e-04   2.901590e-04
  5.605281e+00   6.470020e-04   3.071967e-04
  5.617754e+00  -4.068222e-04   3.033991e-04
  5.630226e+00  -2.190497e-04   2.977784e-04
  5.642697e+00  -9.060010e-04   3.137417e-04
  5.655167e+00   1.006976e-04   3.091715e-04
  5.667636e+00  -9.196520e-04   3.171930e-04
  5.680103e+00  -1.656007e-05   3.220113e-04
  5.692570e+00  -2.260046e-04   3.250832e-04
  5.705035e+00  -3.749418e-04   3.356496e-04
  5.717498e+00  -5.044141e-05   3.223467e-04
  5.729961e+00  -7.497939e-05   3.464041e-04
  5.742422e+00  -5.394179e-04   3.454807e-04
  5.754882e+00   1.300744e-04   3.450239e-04
  5.767341e+00  -3.791810e-04   3.538884e-04
  5.779799e+00   1.049751e-03   3.549357e-04
  5.792255e+00   3.168029e-04   3.680435e-04
  5.804711e+00   6.466260e-04   3.683296e-04
  5.817165e+00  -3.335638e-04   3.645331e-04
  5.829617e+00  -1.277423e-05   3.912297e-04
  5.842069e+00   2.021134e-04   3.746112e-04
  5.854519e+00  -6.429015e-04   3.907033e-04
  5.866968e+00   4.295422e-04   4.017724e-04
  5.879416e+00  -4.475905e-04   4.081533e-04
  5.891863e+00   5.682684e-05   4.238310e-04
  5.904308e+00  -4.914264e-06   4.157265e-04
  5.916752e+00   4.991592e-04   4.294941e-04
  5.929195e+00   8.992296e-04   4.455690e-04
  5.941636e+00   6.209500e-04   4.512022e-04
  5.954077e+00   1.423844e-03   4.740384e-04
  5.966516e+00  -2.809446e-04   4.684452e-04
  5.978954e+00   1.040647e-03   4.828793e-04
  5.991390e+00  -1.786416e-04   4.862265e-04
  6.003825e+00  -4.984149e-05   4.990034e-04
  6.016259e+00  -6.998704e-05   5.306806e-04
  6.028692e+00   7.192903e-04   5.399719e-04
  6.041123e+00   3.074508e-04   5.516735e-04
  6.053554e+00  -4.706633e-04   5.480709e-04
  6.065982e+00   7.443622e-04   5.892352e-04
  6.078410e+00   2.525559e-04   6.312995e-04
  6.090836e+00   7.310209e-04   6.447765e-04
  6.103261e+00   1.507360e-03   6.777893e-04
  6.115685e+00   5.215158e-04   6.661704e-04
  6.128107e+00   2.217572e-03   7.604066e-04
  6.140528e+00  -1.321042e-03   7.794617e-04
  6.152948e+00   1.156628e-03   8.151214e-04
  6.165367e+00   9.931949e-04   8.592704e-04
  6.177784e+00   7.895939e-04   8.867209e-04
  6.190200e+00  -1.391863e-05   9.431311e-04
  6.202615e+00  -1.722533e-03   8.980117e-04
  6.215028e+00   1.505447e-03   1.026378e-03
  6.227440e+00  -4.423669e-04   1.020963e-03
  6.239851e+00   8.173934e-04   1.011677e-03
  6.252260e+00   1.198157e-03   1.231635e-03
  6.264668e+00  -7.606378e-04   1.266080e-03
  6.277075e+00  -1.797617e-03   1.239645e-03
  6.289480e+00   1.299754e-03   1.536981e-03
  6.301884e+00   5.126423e-03   1.874476e-03
  6.314287e+00   5.284684e-03   2.197049e-03
  6.326688e+00  -4.318842e-04   2.545913e-03
range-from: 1
range-to: 493
HeaderID                                          EH: 000000:000000:000000
Parent(s): TipAS_1.96mgml-1_30deg_sub_ave_cm-1.dat
creator: datop
creator-version: v0.4 (r12736)
datop-operation: TipAS_1.96mgml-1_30deg_sub_ave_cm-1.dat DIV 1.96
parent: TipAS_1.96mgml-1_30deg_sub_ave_cm-1.dat
range-from: 1
range-to: 493
